13
498
253.1725271394653 265.40605869147726 2.570460081100464 0.0 5.383240699768066 9241088 0.15134855279482115 0.0 0.15134855279482115 2.570460081100464 0.0 0.0 2.570460081100464 
483.00458757561626 170.29339476949266 2.4452016353607178 0.0 5.24755859375 22348032 0.1672517400814667 0.0 0.1672517400814667 2.4452016353607178 0.0 0.0 2.4452016353607178 
225.39218458805533 80.33718394287027 1.4931894540786743 0.0 4.545820236206055 8388608 0.4485079773967207 0.0 0.4485079773967207 1.4931894540786743 0.0 0.0 1.4931894540786743 
553.7704833393858 111.08554155423741 1.5496653318405151 0.0 4.536629676818848 8388608 0.41641289064776954 0.0 0.41641289064776954 1.5496653318405151 0.0 0.0 1.5496653318405151 
89.80108690478106 252.63762929306324 2.404139518737793 0.0 4.430044651031494 21102848 0.17301376829358042 0.0 0.17301376829358042 2.404139518737793 0.0 0.0 2.404139518737793 
185.25379191861936 238.5465962215455 2.4022722244262695 0.0 4.415827751159668 21037312 0.17328284120117318 0.0 0.17328284120117318 2.4022722244262695 0.0 0.0 2.4022722244262695 
564.8041018498961 112.66109651321499 1.6044460535049438 0.0 4.394032001495361 8585216 0.3884630908207594 0.0 0.3884630908207594 1.6044460535049438 0.0 0.0 1.6044460535049438 
351.8332982570567 194.87379003585653 2.1491692066192627 0.0 4.122288703918457 12976384 0.21650043899050941 0.0 0.21650043899050941 2.1491692066192627 0.0 0.0 2.1491692066192627 
420.9904134932985 156.33862768589182 1.9061840772628784 0.0 4.026597499847412 21037056 0.27521387489094074 0.0 0.27521387489094074 1.9061840772628786 0.0 0.0 1.9061840772628786 
24.784572408311067 454.9098789074064 2.5776429176330566 0.0 4.02264404296875 9437696 0.15050623500238358 0.0 0.15050623500238358 2.5776429176330566 0.0 0.0 2.5776429176330566 
271.7684611437169 415.4151813679553 2.150052547454834 0.0 3.963297128677368 13041920 0.21632257878607847 0.0 0.21632257878607847 2.150052547454834 0.0 0.0 2.150052547454834 
163.82375159162157 447.6931719881423 1.9327565431594849 0.0 3.9225308895111084 22020096 0.26769835075940235 0.0 0.26769835075940235 1.9327565431594849 0.0 0.0 1.9327565431594849 
573.6084832130595 430.4908079898104 2.016906499862671 0.0 3.8616762161254883 8388864 0.24582637038117408 0.0 0.24582637038117408 2.016906499862671 0.0 0.0 2.016906499862671 
599.9988785398767 204.57786128876057 2.0969057083129883 0.0 3.8366146087646484 11206912 0.2274270908492128 0.0 0.2274270908492128 2.0969057083129883 0.0 0.0 2.0969057083129883 
473.22304411254004 457.0626024255892 2.351125955581665 0.0 3.801786422729492 19464448 0.18090401596877587 0.0 0.18090401596877587 2.351125955581665 0.0 0.0 2.351125955581665 
482.36722408457007 188.73074827802944 2.0625405311584473 0.0 3.774489641189575 10027264 0.23506881427323084 0.0 0.23506881427323084 2.0625405311584473 0.0 0.0 2.0625405311584473 
108.36912507199227 250.581862449646 1.8082464933395386 0.0 3.732886552810669 17235968 0.3058332760641081 0.0 0.3058332760641081 1.8082464933395386 0.0 0.0 1.8082464933395386 
203.12399616858838 236.3255337805238 1.714463710784912 0.0 3.645118474960327 13369344 0.34020712581972845 0.0 0.34020712581972845 1.714463710784912 0.0 0.0 1.714463710784912 
482.54515943964765 148.42712664046198 1.5945096015930176 0.0 3.60748553276062 8388608 0.39331972104971413 0.0 0.39331972104971413 1.5945096015930176 0.0 0.0 1.5945096015930176 
215.85937834800558 82.26470393322884 2.0789573192596436 0.0 3.5819077491760254 10617088 0.2313709624654646 0.0 0.2313709624654646 2.0789573192596436 0.0 0.0 2.0789573192596436 
268.36003574693973 290.80407193356746 1.5508544445037842 0.0 3.581770181655884 8388608 0.4157745689647821 0.0 0.4157745689647821 1.5508544445037842 0.0 0.0 1.5508544445037842 
350.2622238523312 162.14586764719164 1.7141520977020264 0.0 3.535430669784546 13369344 0.34033082852663304 0.0 0.34033082852663304 1.7141520977020264 0.0 0.0 1.7141520977020264 
97.46529325802247 34.536392280147005 1.6158268451690674 0.0 3.531482696533203 9043968 0.3830102191964149 0.0 0.3830102191964149 1.6158268451690674 0.0 0.0 1.6158268451690674 
102.92582116851447 250.07474949788676 2.5444560050964355 0.0 3.472212553024292 8520192 0.15445789355659081 0.0 0.15445789355659081 2.5444560050964355 0.0 0.0 2.5444560050964355 
133.52803315507606 373.30955259850685 1.8290263414382935 0.0 3.4720377922058105 18022400 0.29892351445683574 0.0 0.29892351445683574 1.8290263414382935 0.0 0.0 1.8290263414382935 
525.2265525797394 176.4762349893401 1.4996073246002197 0.0 3.4448704719543457 8388608 0.4446772323837559 0.0 0.4446772323837559 1.4996073246002197 0.0 0.0 1.4996073246002197 
434.06200574842086 248.0050672540164 2.6213157176971436 0.0 3.424267292022705 10617344 0.1455329513724001 0.0 0.1455329513724001 2.6213157176971436 0.0 0.0 2.6213157176971436 
197.3886388622966 236.14597692009684 2.6154944896698 0.0 3.315445899963379 10486272 0.14618148897854175 0.0 0.14618148897854175 2.6154944896698 0.0 0.0 2.6154944896698 
32.37752768535649 13.03531622387962 1.5646246671676636 0.0 3.2991855144500732 8388608 0.4084883304641793 0.0 0.4084883304641793 1.5646246671676636 0.0 0.0 1.5646246671676636 
266.36007491425636 80.27466258855199 1.5257676839828491 0.0 3.2494935989379883 8388608 0.42955934901658144 0.0 0.42955934901658144 1.5257676839828491 0.0 0.0 1.5257676839828491 
421.7737207261979 197.72826016669302 2.3149688243865967 0.0 3.245673418045044 18350336 0.18659916949173944 0.0 0.18659916949173944 2.3149688243865967 0.0 0.0 2.3149688243865967 
353.6634088678563 208.93571328102274 2.2846550941467285 0.0 3.225630283355713 17432832 0.19158376728197885 0.0 0.19158376728197885 2.2846550941467285 0.0 0.0 2.2846550941467285 
259.5048052031979 333.6599183399174 1.771883487701416 0.0 3.2231454849243164 15728640 0.31851484488267 0.0 0.31851484488267 1.771883487701416 0.0 0.0 1.771883487701416 
453.0318664702872 443.31811839185417 1.7233957052230835 0.0 3.2073416709899902 13697024 0.3366898214598793 0.0 0.3366898214598793 1.7233957052230835 0.0 0.0 1.7233957052230835 
460.75987892068406 370.31703763759543 1.5769909620285034 0.0 3.1552987098693848 8388608 0.4021069609677325 0.0 0.4021069609677325 1.5769909620285034 0.0 0.0 1.5769909620285034 
275.00864249087397 170.5582571787403 1.8417401313781738 0.0 3.0845186710357666 18546688 0.2948107374319628 0.0 0.2948107374319628 1.8417401313781738 0.0 0.0 1.8417401313781738 
379.7052369574283 396.57826606263507 2.010995388031006 0.0 3.0786242485046387 24903680 0.24727365644047059 0.0 0.24727365644047059 2.010995388031006 0.0 0.0 2.010995388031006 
277.8450077938916 285.28956076253274 1.6238675117492676 0.0 3.063387155532837 9437184 0.37922661874496616 0.0 0.37922661874496616 1.6238675117492676 0.0 0.0 1.6238675117492676 
517.076079139389 82.29944106808045 2.6690900325775146 0.0 3.0497238636016846 11928064 0.1403697586098612 0.0 0.1403697586098612 2.6690900325775146 0.0 0.0 2.6690900325775146 
98.69152684921914 206.31927810133772 2.0682876110076904 0.0 3.012369155883789 10223872 0.23376427393130364 0.0 0.23376427393130364 2.0682876110076904 0.0 0.0 2.0682876110076904 
74.61363708592476 34.60143503483306 1.8632843494415283 0.0 3.0116729736328125 19398656 0.28803265505141723 0.0 0.28803265505141723 1.8632843494415283 0.0 0.0 1.8632843494415283 
178.7564171042157 59.10458900549181 1.4996017217636108 0.0 3.0085887908935547 8388608 0.44468055521073707 0.0 0.44468055521073707 1.4996017217636108 0.0 0.0 1.4996017217636108 
77.21459627151489 242.06285360645742 2.003711223602295 0.0 2.9733567237854004 24641536 0.24907477019616198 0.0 0.24907477019616198 2.003711223602295 0.0 0.0 2.003711223602295 
518.0983492635155 114.42683352673158 1.6886942386627197 0.0 2.972658157348633 12255232 0.3506694697149397 0.0 0.3506694697149397 1.6886942386627197 0.0 0.0 1.6886942386627197 
118.39528883432236 40.76189527975051 1.56386399269104 0.0 2.957606554031372 8388608 0.40888581031952687 0.0 0.40888581031952687 1.56386399269104 0.0 0.0 1.56386399269104 
316.5967115043598 77.3964207307019 1.5515046119689941 0.0 2.9526848793029785 8388608 0.41542617624297296 0.0 0.41542617624297296 1.5515046119689941 0.0 0.0 1.5515046119689941 
413.5817563890895 418.2464338128491 1.6041349172592163 0.0 2.9353764057159424 8519680 0.38861379718316996 0.0 0.38861379718316996 1.6041349172592163 0.0 0.0 1.6041349172592163 
524.9273055618114 67.01843755001973 2.743492841720581 0.0 2.9239935874938965 13959680 0.13285941542708507 0.0 0.13285941542708507 2.743492841720581 0.0 0.0 2.743492841720581 
610.1765094363436 449.6576107738938 1.725221872329712 0.0 2.8944344520568848 13828096 0.33597741864019953 0.0 0.33597741864019953 1.725221872329712 0.0 0.0 1.725221872329712 
613.311220421677 117.53515523688728 1.6230891942977905 0.0 2.874056100845337 9371648 0.37959040585533255 0.0 0.37959040585533255 1.6230891942977905 0.0 0.0 1.6230891942977905 
145.5193398455356 373.7904689045663 2.068666696548462 0.0 2.8529462814331055 10223872 0.23367860663962028 0.0 0.23367860663962028 2.068666696548462 0.0 0.0 2.068666696548462 
242.6545313571362 391.518964442801 1.9291943311691284 0.0 2.841629981994629 21889024 0.26868786089620267 0.0 0.26868786089620267 1.9291943311691284 0.0 0.0 1.9291943311691284 
283.2770363646522 79.3759219019921 1.533478021621704 0.0 2.8412680625915527 8388608 0.4252505541442753 0.0 0.4252505541442753 1.533478021621704 0.0 0.0 1.533478021621704 
88.9487629925951 237.18176154887425 1.8609623908996582 0.0 2.7775440216064453 19267584 0.28875187122068663 0.0 0.28875187122068663 1.8609623908996582 0.0 0.0 1.8609623908996582 
597.888793702607 443.75908402756914 1.596285104751587 0.0 2.7765159606933594 8388608 0.39244525065248004 0.0 0.39244525065248004 1.596285104751587 0.0 0.0 1.596285104751587 
91.0162241053074 325.6410634061124 2.1832492351531982 0.0 2.775440216064453 14156032 0.2097941464615988 0.0 0.2097941464615988 2.1832492351531982 0.0 0.0 2.1832492351531982 
300.11289606674643 78.49983621963176 1.562396764755249 0.0 2.760073184967041 8388608 0.4096541303645759 0.0 0.4096541303645759 1.562396764755249 0.0 0.0 1.562396764755249 
257.37617779851314 292.23574523782315 1.692288875579834 0.0 2.7496836185455322 12386304 0.34918131875293174 0.0 0.34918131875293174 1.692288875579834 0.0 0.0 1.692288875579834 
112.02712284070877 98.38941968898234 1.3990700244903564 0.0 2.7363431453704834 8388608 0.5108825823329443 0.0 0.5108825823329443 1.3990700244903564 0.0 0.0 1.3990700244903564 
351.8066886739528 301.00258072386396 2.2005627155303955 0.0 2.7058568000793457 14680320 0.2065059166590695 0.0 0.2065059166590695 2.2005627155303955 0.0 0.0 2.2005627155303955 
347.82944762501563 75.51263111625589 1.5759544372558594 0.0 2.6883397102355957 8388608 0.40263607638080906 0.0 0.40263607638080906 1.5759544372558594 0.0 0.0 1.5759544372558594 
529.0635043851873 109.32789098709188 1.91664457321167 0.0 2.6856117248535156 21430272 0.27221799591523854 0.0 0.27221799591523854 1.9166445732116697 0.0 0.0 1.9166445732116697 
235.78893439428043 79.03379248087322 2.8157131671905518 0.0 2.6849818229675293 15794688 0.12613138846575717 0.0 0.12613138846575717 2.8157131671905518 0.0 0.0 2.8157131671905518 
198.44194043505277 84.4276125261367 1.5431029796600342 0.0 2.673525094985962 8388608 0.41996217885670034 0.0 0.41996217885670034 1.5431029796600342 0.0 0.0 1.5431029796600342 
138.8829763060204 47.10272508178076 1.5510276556015015 0.0 2.6621878147125244 8388608 0.4156817108548768 0.0 0.4156817108548768 1.5510276556015015 0.0 0.0 1.5510276556015015 
32.061898853461926 52.25061922818147 1.595801830291748 0.0 2.6590662002563477 8388608 0.3926829837859608 0.0 0.3926829837859608 1.595801830291748 0.0 0.0 1.595801830291748 
27.160735495547033 26.868651745167185 2.1626675128936768 0.0 2.6166186332702637 13435136 0.21380629469048443 0.0 0.21380629469048443 2.1626675128936768 0.0 0.0 2.1626675128936768 
259.16787551005325 305.34190347244885 1.592787504196167 0.0 2.615166187286377 8388608 0.39417068331303495 0.0 0.39417068331303495 1.592787504196167 0.0 0.0 1.592787504196167 
225.28959654631606 69.50569081090046 1.735715389251709 0.0 2.608229875564575 14221312 0.33192729897771284 0.0 0.33192729897771284 1.735715389251709 0.0 0.0 1.735715389251709 
14.782185963741917 97.3855260006271 1.6042569875717163 0.0 2.6079883575439453 8519680 0.38855465902362396 0.0 0.38855465902362396 1.6042569875717163 0.0 0.0 1.6042569875717163 
378.18575411631656 74.38256959448782 1.5211719274520874 0.0 2.5938498973846436 8388608 0.4321588347077458 0.0 0.4321588347077458 1.5211719274520874 0.0 0.0 1.5211719274520874 
351.4429544083616 269.6059969704836 1.9676117897033691 0.0 2.5792412757873535 23330816 0.25829807391484927 0.0 0.25829807391484927 1.967611789703369 0.0 0.0 1.967611789703369 
392.4227689349566 73.6631159940503 1.5145407915115356 0.0 2.5744783878326416 8388608 0.43595137363919023 0.0 0.43595137363919023 1.5145407915115356 0.0 0.0 1.5145407915115356 
195.82497227480036 220.03169843287853 2.4006125926971436 0.0 2.5436103343963623 20971776 0.173522517616709 0.0 0.173522517616709 2.4006125926971436 0.0 0.0 2.4006125926971436 
173.22545756244412 229.76676241926495 1.7007665634155273 0.0 2.541132926940918 12779520 0.3457089170611388 0.0 0.3457089170611388 1.7007665634155273 0.0 0.0 1.7007665634155273 
198.88144562922741 64.87030731389258 1.5715482234954834 0.0 2.538646697998047 8388608 0.4048970158196303 0.0 0.4048970158196303 1.5715482234954834 0.0 0.0 1.5715482234954834 
280.14535167941693 235.1705484487391 2.2732975482940674 0.0 2.5382564067840576 17039616 0.19350287984802966 0.0 0.19350287984802966 2.2732975482940674 0.0 0.0 2.2732975482940674 
182.6638395729448 223.7463326832144 1.4746136665344238 0.0 2.53816819190979 8388608 0.45987890737923126 0.0 0.45987890737923126 1.4746136665344238 0.0 0.0 1.4746136665344238 
543.1042994438334 353.9202801826153 1.9688647985458374 0.0 2.5299503803253174 23330816 0.2579694106327631 0.0 0.2579694106327631 1.9688647985458374 0.0 0.0 1.9688647985458374 
332.11353344969194 76.59871909539825 1.5880321264266968 0.0 2.5228452682495117 8388608 0.39653491382679446 0.0 0.39653491382679446 1.5880321264266968 0.0 0.0 1.5880321264266968 
53.04882067315122 42.93605412194069 1.8812143802642822 0.0 2.5068163871765137 20054016 0.28256828790374644 0.0 0.28256828790374644 1.8812143802642822 0.0 0.0 1.8812143802642822 
611.4883321271782 210.30582915012687 1.6164963245391846 0.0 2.4914298057556152 9109504 0.38269303401241594 0.0 0.38269303401241594 1.6164963245391846 0.0 0.0 1.6164963245391846 
41.3018829749657 44.99821514299833 1.7798380851745605 0.0 2.468109130859375 16056320 0.3156741420263161 0.0 0.3156741420263161 1.7798380851745605 0.0 0.0 1.7798380851745605 
419.8193456441798 250.33965698962518 1.865212082862854 0.0 2.445183277130127 19464192 0.28743758787414675 0.0 0.28743758787414675 1.865212082862854 0.0 0.0 1.865212082862854 
232.67654528942504 122.37166468334887 2.5776162147521973 0.0 2.4247395992279053 9437696 0.15050935336488927 0.0 0.15050935336488927 2.5776162147521973 0.0 0.0 2.5776162147521973 
86.47173308855211 41.51747527856537 1.654510259628296 0.0 2.416112184524536 10747904 0.3653095879251817 0.0 0.3653095879251817 1.654510259628296 0.0 0.0 1.654510259628296 
255.8409684769651 401.74738427425956 1.8659543991088867 0.0 2.4028079509735107 19464192 0.28720893582367185 0.0 0.28720893582367185 1.865954399108887 0.0 0.0 1.865954399108887 
406.78160594890477 72.86733106106458 1.6097081899642944 0.0 2.401689052581787 8781824 0.3859274702039311 0.0 0.3859274702039311 1.6097081899642944 0.0 0.0 1.6097081899642944 
418.32489238245915 286.61274315878865 1.6701802015304565 0.0 2.389007091522217 11468800 0.35848693919086255 0.0 0.35848693919086255 1.6701802015304565 0.0 0.0 1.6701802015304565 
352.98475022939425 288.14706386856966 1.6292788982391357 0.0 2.3825793266296387 9699328 0.3767117222777554 0.0 0.3767117222777554 1.6292788982391357 0.0 0.0 1.6292788982391357 
140.66713752162445 44.09736552993796 2.5024499893188477 0.0 2.3770241737365723 23986432 0.15968686175354999 0.0 0.15968686175354999 2.5024499893188477 0.0 0.0 2.5024499893188477 
149.80874977720546 98.76137330684256 2.000924825668335 0.0 2.3727924823760986 24510464 0.24976895385331957 0.0 0.24976895385331957 2.000924825668335 0.0 0.0 2.000924825668335 
460.88873112417167 448.50824223682463 1.4523372650146484 0.0 2.360823154449463 8388608 0.47409463219952397 0.0 0.47409463219952397 1.4523372650146484 0.0 0.0 1.4523372650146484 
252.45617603942222 134.2767768911115 2.518528938293457 0.0 2.3561789989471436 24445184 0.15765440482420784 0.0 0.15765440482420784 2.518528938293457 0.0 0.0 2.518528938293457 
335.58302305834303 264.9612371178235 2.5524847507476807 0.0 2.333578109741211 8716800 0.15348773865813387 0.0 0.15348773865813387 2.5524847507476807 0.0 0.0 2.5524847507476807 
420.4411529446983 72.26932169532408 1.5108152627944946 0.0 2.316580057144165 8388608 0.43810405491235305 0.0 0.43810405491235305 1.5108152627944946 0.0 0.0 1.5108152627944946 
261.2273330005755 136.28879408424532 1.461858868598938 0.0 2.3152353763580322 8388608 0.4679388532151689 0.0 0.4679388532151689 1.461858868598938 0.0 0.0 1.461858868598938 
484.40303324399605 204.42087348022744 2.301661491394043 0.0 2.306373119354248 17957120 0.18876309809065855 0.0 0.18876309809065855 2.301661491394043 0.0 0.0 2.301661491394043 
470.28602374868194 148.83089918785907 2.1045374870300293 0.0 2.261812686920166 11469056 0.22578062347342093 0.0 0.22578062347342093 2.1045374870300293 0.0 0.0 2.1045374870300293 
622.2771585748551 107.27993963119832 2.243288040161133 0.0 2.2575173377990723 16056576 0.19871466462051843 0.0 0.19871466462051843 2.243288040161133 0.0 0.0 2.243288040161133 
65.4734325139821 52.185086287099224 2.4648287296295166 0.0 2.2193667888641357 22872320 0.1645987395537791 0.0 0.1645987395537791 2.4648287296295166 0.0 0.0 2.4648287296295166 
538.4642160902632 189.85051660842083 1.7868801355361938 0.0 2.2148401737213135 16318464 0.31319091689967604 0.0 0.31319091689967604 1.7868801355361938 0.0 0.0 1.7868801355361938 
555.3020047321527 18.4986039906488 1.4618440866470337 0.0 2.2144274711608887 8388608 0.4679483167204191 0.0 0.4679483167204191 1.4618440866470337 0.0 0.0 1.4618440866470337 
516.8592132350672 52.458262569284685 2.312239408493042 0.0 2.2050185203552246 18284800 0.187039960644456 0.0 0.187039960644456 2.312239408493042 0.0 0.0 2.312239408493042 
394.3055049815077 406.24161529541016 2.279745101928711 0.0 2.2037339210510254 17236224 0.19240990156604765 0.0 0.19240990156604765 2.279745101928711 0.0 0.0 2.279745101928711 
421.858338043555 214.16347018894646 2.554170846939087 0.0 2.1951160430908203 8782336 0.15328516045385274 0.0 0.15328516045385274 2.554170846939087 0.0 0.0 2.554170846939087 
267.7283235187518 237.83059678705973 2.479628324508667 0.0 2.1832854747772217 23331072 0.16263979671163104 0.0 0.16263979671163104 2.479628324508667 0.0 0.0 2.479628324508667 
349.64394937060814 225.38383260098325 2.625631809234619 0.0 2.17020320892334 10748416 0.14505488185377827 0.0 0.14505488185377827 2.625631809234619 0.0 0.0 2.625631809234619 
266.21791386870296 115.60018080584459 1.5375314950942993 0.0 2.166811466217041 8388608 0.4230112899064703 0.0 0.4230112899064703 1.5375314950942993 0.0 0.0 1.5375314950942993 
159.17643649137884 53.10349418653712 1.4941579103469849 0.0 2.166287660598755 8388608 0.44792675423260153 0.0 0.44792675423260153 1.4941579103469849 0.0 0.0 1.4941579103469849 
169.02743563024458 144.02315113704472 1.7548857927322388 0.0 2.1626968383789062 15007744 0.32471494985852506 0.0 0.32471494985852506 1.754885792732239 0.0 0.0 1.754885792732239 
101.00025364439539 232.61607915797134 2.0233314037323 0.0 2.1620678901672363 8651008 0.2442676507783235 0.0 0.2442676507783235 2.0233314037323 0.0 0.0 2.0233314037323 
196.43728502876743 142.16741312948687 1.573051929473877 0.0 2.125272274017334 8388608 0.4041232904912014 0.0 0.4041232904912014 1.573051929473877 0.0 0.0 1.573051929473877 
362.8476106024031 74.81995385366183 1.5503151416778564 0.0 2.1251018047332764 8388608 0.4160638874326804 0.0 0.4160638874326804 1.5503151416778564 0.0 0.0 1.5503151416778564 
406.2076311517269 250.6472307671892 2.0328595638275146 0.0 2.1191353797912598 8978688 0.24198321664631986 0.0 0.24198321664631986 2.0328595638275146 0.0 0.0 2.0328595638275146 
517.8792177410542 94.58822140637463 1.683613896369934 0.0 2.1105151176452637 12058624 0.3527889685277137 0.0 0.3527889685277137 1.683613896369934 0.0 0.0 1.683613896369934 
486.04214573667406 116.24994214037632 1.8429924249649048 0.0 2.106067657470703 18612224 0.29441023207925404 0.0 0.29441023207925404 1.8429924249649046 0.0 0.0 1.8429924249649046 
541.1693679912726 98.80494266244783 1.6153165102005005 0.0 2.0889933109283447 9043968 0.38325227006857326 0.0 0.38325227006857326 1.6153165102005005 0.0 0.0 1.6153165102005005 
103.760792323219 49.717646771703826 2.489384651184082 0.0 2.088912010192871 23593216 0.16136746816248676 0.0 0.16136746816248676 2.489384651184082 0.0 0.0 2.489384651184082 
148.67330092572152 45.72027351501141 1.8908053636550903 0.0 2.085981607437134 20447232 0.2797089408888686 0.0 0.2797089408888686 1.8908053636550903 0.0 0.0 1.8908053636550903 
578.5683300140056 130.1080124631841 2.038560390472412 0.0 2.0649800300598145 9175296 0.24063169869663056 0.0 0.24063169869663056 2.038560390472412 0.0 0.0 2.038560390472412 
557.4237648951668 360.516613255719 1.5596904754638672 0.0 2.0624494552612305 8388608 0.41107698243876506 0.0 0.41107698243876506 1.5596904754638672 0.0 0.0 1.5596904754638672 
82.71695470540448 18.24527943895218 1.8980039358139038 0.0 2.0604045391082764 20709376 0.27759125647353494 0.0 0.27759125647353494 1.8980039358139038 0.0 0.0 1.8980039358139038 
430.09157470505323 354.1296641422572 1.7026441097259521 0.0 2.058779716491699 12845056 0.3449468944898746 0.0 0.3449468944898746 1.7026441097259521 0.0 0.0 1.7026441097259521 
417.00606926451337 214.7961630516864 2.027157783508301 0.0 2.045227527618408 8782080 0.24334638190345095 0.0 0.24334638190345095 2.027157783508301 0.0 0.0 2.027157783508301 
615.1756716391083 387.9034768287531 2.3604118824005127 0.0 2.043506145477295 19792128 0.17948345275699978 0.0 0.17948345275699978 2.3604118824005127 0.0 0.0 2.3604118824005127 
551.9694666397652 99.77880673012065 1.7439930438995361 0.0 2.0423836708068848 14614528 0.32878387013244553 0.0 0.32878387013244553 1.7439930438995361 0.0 0.0 1.7439930438995361 
407.0020917527219 121.1089250990685 2.238431930541992 0.0 2.0230698585510254 15925504 0.19957779287302677 0.0 0.19957779287302677 2.238431930541992 0.0 0.0 2.238431930541992 
356.6466434937097 126.70833106165111 1.6147109270095825 0.0 2.0073511600494385 9043968 0.38353979478971684 0.0 0.38353979478971684 1.6147109270095825 0.0 0.0 1.6147109270095825 
191.43888909741628 130.7924414405118 1.5472939014434814 0.0 1.9971295595169067 8388608 0.4176902832849584 0.0 0.4176902832849584 1.5472939014434814 0.0 0.0 1.5472939014434814 
484.61857403601323 314.15759409895287 1.6799732446670532 0.0 1.9940897226333618 11862016 0.35431967557672556 0.0 0.35431967557672556 1.6799732446670532 0.0 0.0 1.6799732446670532 
238.24886969302563 59.53876459852178 2.0877504348754883 0.0 1.98614501953125 10879232 0.22942610619306583 0.0 0.22942610619306583 2.0877504348754883 0.0 0.0 2.0877504348754883 
560.8450207304447 87.88457103358938 2.2058448791503906 0.0 1.9831806421279907 14876928 0.20551809378325725 0.0 0.20551809378325725 2.2058448791503906 0.0 0.0 2.2058448791503906 
132.36586732495542 364.5572009656318 1.5813692808151245 0.0 1.9831054210662842 8388608 0.39988342561495316 0.0 0.39988342561495316 1.5813692808151245 0.0 0.0 1.5813692808151245 
256.4141777128875 211.76317194856068 1.5777571201324463 0.0 1.974578619003296 8388608 0.40171652989095646 0.0 0.40171652989095646 1.5777571201324463 0.0 0.0 1.5777571201324463 
474.5384464696219 287.6689628463923 1.6745884418487549 0.0 1.9607517719268799 11665408 0.35660203836653226 0.0 0.35660203836653226 1.6745884418487549 0.0 0.0 1.6745884418487549 
123.3843004318311 98.96084612100842 1.5097839832305908 0.0 1.936945915222168 8388608 0.438702765814831 0.0 0.438702765814831 1.5097839832305908 0.0 0.0 1.5097839832305908 
73.93502696824012 45.93958379605178 1.5135442018508911 0.0 1.9314327239990234 8388608 0.43652566498409356 0.0 0.43652566498409356 1.5135442018508911 0.0 0.0 1.5135442018508911 
347.7217780383538 342.53533025786584 1.7140389680862427 0.0 1.9228789806365967 13303808 0.34037575488731797 0.0 0.34037575488731797 1.7140389680862427 0.0 0.0 1.7140389680862427 
563.9247357723634 126.38999623432191 2.241403341293335 0.0 1.9170005321502686 16056576 0.19904898620753667 0.0 0.19904898620753667 2.241403341293335 0.0 0.0 2.241403341293335 
76.08751295607067 105.67429636608303 1.652783989906311 0.0 1.9035584926605225 10682368 0.36607309025263673 0.0 0.36607309025263673 1.652783989906311 0.0 0.0 1.652783989906311 
496.81920978384477 325.3133616085671 2.5141525268554688 0.0 1.893837809562683 24314112 0.1582037438510871 0.0 0.1582037438510871 2.5141525268554688 0.0 0.0 2.5141525268554688 
332.48361192865576 126.86357274968574 2.4871788024902344 0.0 1.882543683052063 23527680 0.161653824787407 0.0 0.161653824787407 2.4871788024902344 0.0 0.0 2.4871788024902344 
274.20999615994106 304.572364561198 2.266799211502075 0.0 1.8725582361221313 16843008 0.19461391717968085 0.0 0.19461391717968085 2.266799211502075 0.0 0.0 2.266799211502075 
578.9459424551497 90.13938212901988 2.0781140327453613 0.0 1.8714094161987305 10551552 0.2315587785304399 0.0 0.2315587785304399 2.0781140327453613 0.0 0.0 2.0781140327453613 
526.553866244377 187.31132758931912 1.838888168334961 0.0 1.8697274923324585 18415616 0.29572590056112585 0.0 0.29572590056112585 1.838888168334961 0.0 0.0 1.838888168334961 
235.61311428294482 238.7718867131745 1.5144016742706299 0.0 1.8668886423110962 8388608 0.43603147278192783 0.0 0.43603147278192783 1.5144016742706299 0.0 0.0 1.5144016742706299 
546.1241239936655 24.80573556309115 1.5852932929992676 0.0 1.8657557964324951 8388608 0.3979062452184004 0.0 0.3979062452184004 1.5852932929992676 0.0 0.0 1.5852932929992676 
121.33571456848307 18.87208834100277 2.0404233932495117 0.0 1.8289408683776855 9240832 0.24019248312399677 0.0 0.24019248312399677 2.0404233932495117 0.0 0.0 2.0404233932495117 
452.68699602370566 36.322877062127944 1.9813412427902222 0.0 1.8195463418960571 23789568 0.2547307888618259 0.0 0.2547307888618259 1.9813412427902222 0.0 0.0 1.9813412427902222 
418.00964055393877 275.54871216303303 1.743241548538208 0.0 1.819277048110962 14548992 0.3290674026243714 0.0 0.3290674026243714 1.743241548538208 0.0 0.0 1.743241548538208 
572.9635778185043 171.88926530152753 2.4235119819641113 0.0 1.8038475513458252 21692672 0.17025883505023792 0.0 0.17025883505023792 2.4235119819641113 0.0 0.0 2.4235119819641113 
100.32614675057962 239.4158942228771 1.7717311382293701 0.0 1.7933952808380127 15728640 0.31856962481371404 0.0 0.31856962481371404 1.7717311382293701 0.0 0.0 1.7717311382293701 
508.0524730643964 39.74514113604296 2.418987512588501 0.0 1.7677075862884521 21561600 0.1708963342467141 0.0 0.1708963342467141 2.418987512588501 0.0 0.0 2.418987512588501 
257.0384289642356 229.2132392825703 1.374781608581543 0.0 1.7594106197357178 8388608 0.5290936785148204 0.0 0.5290936785148204 1.374781608581543 0.0 0.0 1.374781608581543 
407.19775239457476 155.14482399504237 1.9093477725982666 0.0 1.745316982269287 21168128 0.27430259878179064 0.0 0.27430259878179064 1.9093477725982666 0.0 0.0 1.9093477725982666 
481.2978372729935 99.92391060337448 2.566673517227173 0.0 1.743269443511963 9110016 0.15179544539214845 0.0 0.15179544539214845 2.566673517227173 0.0 0.0 2.566673517227173 
170.96180610142292 181.97743261667543 1.793613076210022 0.0 1.7389297485351562 16646144 0.310843991539801 0.0 0.310843991539801 1.793613076210022 0.0 0.0 1.793613076210022 
470.5955047020866 163.0338147962101 1.6742322444915771 0.0 1.7342100143432617 11665408 0.3567537905694233 0.0 0.3567537905694233 1.6742322444915771 0.0 0.0 1.6742322444915771 
245.87921970431654 288.06604495598623 1.6254808902740479 0.0 1.7250056266784668 9502720 0.3784741861005593 0.0 0.3784741861005593 1.6254808902740479 0.0 0.0 1.6254808902740479 
581.7652731264283 260.2549041722375 1.6104001998901367 0.0 1.7033865451812744 8847360 0.3855958653528341 0.0 0.3855958653528341 1.6104001998901367 0.0 0.0 1.6104001998901367 
621.3645519398628 35.677414328493974 2.1829159259796143 0.0 1.700711727142334 14090496 0.20985821823941475 0.0 0.20985821823941475 2.1829159259796143 0.0 0.0 2.1829159259796143 
143.45861044672668 363.3796079150977 1.5313223600387573 0.0 1.6994006633758545 8388608 0.4264486578604216 0.0 0.4264486578604216 1.5313223600387573 0.0 0.0 1.5313223600387573 
179.56341062200832 143.86270981139324 1.8733899593353271 0.0 1.6848230361938477 19791872 0.2849335726311471 0.0 0.2849335726311471 1.8733899593353274 0.0 0.0 1.8733899593353274 
177.67514828354754 357.9145678053511 1.934360384941101 0.0 1.684145450592041 22085632 0.267254619786828 0.0 0.267254619786828 1.9343603849411009 0.0 0.0 1.9343603849411009 
144.75343500634744 252.7749394203101 1.5407178401947021 0.0 1.681114673614502 8388608 0.4212634472227693 0.0 0.4212634472227693 1.5407178401947021 0.0 0.0 1.5407178401947021 
490.7781725712716 278.23799270409773 2.5694949626922607 0.0 1.6774940490722656 9175552 0.15146226907661642 0.0 0.15146226907661642 2.5694949626922607 0.0 0.0 2.5694949626922607 
463.66062736745056 276.80558455878116 1.9398632049560547 0.0 1.674830675125122 22282240 0.26574052522481506 0.0 0.26574052522481506 1.9398632049560547 0.0 0.0 1.9398632049560547 
515.777498652118 175.69635679104917 1.58144211769104 0.0 1.6702888011932373 8388608 0.3998465914009296 0.0 0.3998465914009296 1.58144211769104 0.0 0.0 1.58144211769104 
560.1709562058145 195.9573218365933 1.8731884956359863 0.0 1.6644892692565918 19726336 0.2849948658311269 0.0 0.2849948658311269 1.873188495635986 0.0 0.0 1.873188495635986 
553.0884287306603 126.02508551009159 2.0663278102874756 0.0 1.6601382493972778 10158336 0.23420790987968887 0.0 0.23420790987968887 2.0663278102874756 0.0 0.0 2.0663278102874756 
580.6196218331463 324.85913377016806 1.4723840951919556 0.0 1.6507902145385742 8388608 0.4612727137184189 0.0 0.4612727137184189 1.4723840951919556 0.0 0.0 1.4723840951919556 
280.5554424389977 261.84125180512956 1.6640573740005493 0.0 1.6503119468688965 11206656 0.3611298670773775 0.0 0.3611298670773775 1.6640573740005493 0.0 0.0 1.6640573740005493 
189.56822688528834 96.14763062558276 1.9290039539337158 0.0 1.6492109298706055 21889024 0.26874089819163266 0.0 0.26874089819163266 1.9290039539337158 0.0 0.0 1.9290039539337158 
517.4447208767677 105.24568341657839 1.5576099157333374 0.0 1.647080659866333 8388608 0.41217589868974286 0.0 0.41217589868974286 1.5576099157333374 0.0 0.0 1.5576099157333374 
277.94100833446424 274.2382634852795 1.787110447883606 0.0 1.642366647720337 16384000 0.3131101976722925 0.0 0.3131101976722925 1.787110447883606 0.0 0.0 1.787110447883606 
174.04990226664444 295.9244774960457 2.3407840728759766 0.0 1.633772611618042 19136768 0.182506061238193 0.0 0.182506061238193 2.3407840728759766 0.0 0.0 2.3407840728759766 
499.9506357181764 82.49504794965162 2.4724771976470947 0.0 1.6052097082138062 23134464 0.16358196092794375 0.0 0.16358196092794375 2.4724771976470947 0.0 0.0 2.4724771976470947 
395.9696896736438 87.26747829646078 2.5878524780273438 0.0 1.5983400344848633 9699840 0.14932102725398047 0.0 0.14932102725398047 2.5878524780273438 0.0 0.0 2.5878524780273438 
249.0469972032781 318.3477699981444 1.4549856185913086 0.0 1.5893830060958862 8388608 0.47237031615236547 0.0 0.47237031615236547 1.4549856185913086 0.0 0.0 1.4549856185913086 
383.03245356003515 87.89637509429346 2.6976938247680664 0.0 1.576689600944519 12714496 0.13740884349862403 0.0 0.13740884349862403 2.6976938247680664 0.0 0.0 2.6976938247680664 
216.63582788358235 290.4368178509519 2.3073718547821045 0.0 1.5642445087432861 18153728 0.18782993938647585 0.0 0.18782993938647585 2.3073718547821045 0.0 0.0 2.3073718547821045 
464.2560715479477 280.257623663937 1.3320837020874023 0.0 1.5624785423278809 8388608 0.5635558604975845 0.0 0.5635558604975845 1.3320837020874023 0.0 0.0 1.3320837020874023 
532.6122778498134 36.90099027972519 2.670863151550293 0.0 1.561711311340332 11993600 0.1401834445597511 0.0 0.1401834445597511 2.670863151550293 0.0 0.0 2.670863151550293 
607.820528738059 15.358433753434463 1.5891376733779907 0.0 1.5609891414642334 8388608 0.39598337511322007 0.0 0.39598337511322007 1.5891376733779907 0.0 0.0 1.5891376733779907 
528.3853225140759 234.20809508661583 2.378507375717163 0.0 1.5584049224853516 20316416 0.17676284991709218 0.0 0.17676284991709218 2.378507375717163 0.0 0.0 2.378507375717163 
460.36175744384394 83.73992482970641 2.61924409866333 0.0 1.5519651174545288 10551808 0.1457632529769059 0.0 0.1457632529769059 2.61924409866333 0.0 0.0 2.61924409866333 
79.33466493729219 154.36671271377347 1.6087672710418701 0.0 1.5365606546401978 8781824 0.3863790366383475 0.0 0.3863790366383475 1.6087672710418701 0.0 0.0 1.6087672710418701 
497.0801811083929 199.81369946643167 2.6241066455841064 0.0 1.5347051620483398 10748416 0.145223546282898 0.0 0.145223546282898 2.6241066455841064 0.0 0.0 2.6241066455841064 
406.40114649052316 265.4434673887618 2.007967472076416 0.0 1.5278072357177734 24772608 0.248019971686342 0.0 0.248019971686342 2.007967472076416 0.0 0.0 2.007967472076416 
591.5886526651558 376.1574754501395 1.5646069049835205 0.0 1.5008103847503662 8388608 0.40849760523614626 0.0 0.40849760523614626 1.5646069049835205 0.0 0.0 1.5646069049835205 
487.2794602052213 83.0514009997142 2.4783005714416504 0.0 1.4938302040100098 23265536 0.1628141124003282 0.0 0.1628141124003282 2.4783005714416504 0.0 0.0 2.4783005714416504 
447.2809346975069 84.5058236338003 2.519702672958374 0.0 1.4928038120269775 24510720 0.1575075610373948 0.0 0.1575075610373948 2.519702672958374 0.0 0.0 2.519702672958374 
52.32936021891286 19.513085691441965 1.7174409627914429 0.0 1.4897279739379883 13500416 0.33902862311244214 0.0 0.33902862311244214 1.7174409627914429 0.0 0.0 1.7174409627914429 
44.69179440766816 267.9298520894512 1.569995641708374 0.0 1.4522651433944702 8388608 0.40569822385775206 0.0 0.40569822385775206 1.569995641708374 0.0 0.0 1.569995641708374 
473.923973121945 83.4466298877242 2.5383009910583496 0.0 1.4482364654541016 25035008 0.1552078780148618 0.0 0.1552078780148618 2.5383009910583496 0.0 0.0 2.5383009910583496 
254.3409798328159 367.1436189955977 2.3882715702056885 0.0 1.4437891244888306 20644096 0.17532045225067647 0.0 0.17532045225067647 2.3882715702056885 0.0 0.0 2.3882715702056885 
318.7745763849705 64.50206998054017 1.8966519832611084 0.0 1.4407203197479248 20643840 0.2779871371795876 0.0 0.2779871371795876 1.8966519832611084 0.0 0.0 1.8966519832611084 
396.44628937193687 339.11378873028656 2.0163824558258057 0.0 1.4235230684280396 8388864 0.24595416417678964 0.0 0.24595416417678964 2.0163824558258057 0.0 0.0 2.0163824558258057 
359.62107947281345 348.84564896415185 1.463931679725647 0.0 1.4141855239868164 8388608 0.4666146627632977 0.0 0.4666146627632977 1.463931679725647 0.0 0.0 1.463931679725647 
587.7163830818581 237.05828390275408 1.4314121007919312 0.0 1.4097120761871338 8388608 0.48805709588682417 0.0 0.48805709588682417 1.4314121007919312 0.0 0.0 1.4314121007919312 
457.7943809083168 53.336100370325944 2.1139702796936035 0.0 1.3867963552474976 11796736 0.2237701976452843 0.0 0.2237701976452843 2.1139702796936035 0.0 0.0 2.1139702796936035 
612.0252235087943 152.30870631907848 2.1131205558776855 0.0 1.38485586643219 11731200 0.22395019787824555 0.0 0.22395019787824555 2.1131205558776855 0.0 0.0 2.1131205558776855 
439.3003343900245 81.00961091624036 1.5155006647109985 0.0 1.3773870468139648 8388608 0.43539931116887026 0.0 0.43539931116887026 1.5155006647109985 0.0 0.0 1.5155006647109985 
249.4320398816819 326.3453502155107 1.4638854265213013 0.0 1.374837875366211 8388608 0.46664414972165885 0.0 0.46664414972165885 1.4638854265213013 0.0 0.0 1.4638854265213013 
589.199242162212 159.51591146837885 1.6301487684249878 0.0 1.37142813205719 9699328 0.37630979225498323 0.0 0.37630979225498323 1.6301487684249878 0.0 0.0 1.6301487684249878 
452.64903128400766 301.5720934563495 1.8628519773483276 0.0 1.3659342527389526 19333120 0.28816637660973693 0.0 0.28816637660973693 1.8628519773483279 0.0 0.0 1.8628519773483279 
405.692199788195 274.86014550797483 2.061025619506836 0.0 1.352064609527588 9961728 0.23541450561948588 0.0 0.23541450561948588 2.061025619506836 0.0 0.0 2.061025619506836 
293.2197403928279 89.17329878507019 1.6228046417236328 0.0 1.3474067449569702 9371648 0.3797235369719249 0.0 0.3797235369719249 1.6228046417236328 0.0 0.0 1.6228046417236328 
17.904198196058807 121.22260013596517 1.5037087202072144 0.0 1.343886375427246 8388608 0.4422548084113192 0.0 0.4422548084113192 1.5037087202072144 0.0 0.0 1.5037087202072144 
530.6751556802303 85.47912345034011 1.8729530572891235 0.0 1.3413337469100952 19726336 0.285066520523288 0.0 0.285066520523288 1.8729530572891235 0.0 0.0 1.8729530572891235 
256.61366484961275 234.58403907530712 2.4716014862060547 0.0 1.3321764469146729 23068928 0.16369789868978957 0.0 0.16369789868978957 2.4716014862060547 0.0 0.0 2.4716014862060547 
290.3405284881592 89.40554349980457 1.8335070610046387 0.0 1.3187456130981445 18219008 0.2974642827290514 0.0 0.2974642827290514 1.8335070610046387 0.0 0.0 1.8335070610046387 
512.0515202720892 21.702579490307016 2.561959981918335 0.0 1.2999732494354248 8978944 0.15235451062703878 0.0 0.15235451062703878 2.561959981918335 0.0 0.0 2.561959981918335 
494.0106255390296 126.84563511737585 1.5219520330429077 0.0 1.2954726219177246 8388608 0.4317159257136757 0.0 0.4317159257136757 1.5219520330429077 0.0 0.0 1.5219520330429077 
170.57762448267735 97.53969331497842 1.9076005220413208 0.0 1.2848135232925415 21102592 0.274805319196324 0.0 0.274805319196324 1.907600522041321 0.0 0.0 1.907600522041321 
125.2185416830347 147.52633940919918 2.167280435562134 0.0 1.282827377319336 13566208 0.21289711627699665 0.0 0.21289711627699665 2.167280435562134 0.0 0.0 2.167280435562134 
464.10182290381573 287.18021968070497 1.8766584396362305 0.0 1.273515224456787 19922944 0.2839419283863544 0.0 0.2839419283863544 1.8766584396362302 0.0 0.0 1.8766584396362302 
512.3869079833336 212.05260673482368 1.9184280633926392 0.0 1.264507532119751 21495808 0.2717120895876411 0.0 0.2717120895876411 1.9184280633926392 0.0 0.0 1.9184280633926392 
365.56086474349996 308.55519980239785 1.450141429901123 0.0 1.2629611492156982 8388608 0.47553148766302294 0.0 0.47553148766302294 1.450141429901123 0.0 0.0 1.450141429901123 
61.31662683269789 265.360726766475 1.4387565851211548 0.0 1.2619768381118774 8388608 0.4830870006239943 0.0 0.4830870006239943 1.4387565851211548 0.0 0.0 1.4387565851211548 
438.998134922474 16.2347305328288 2.0720608234405518 0.0 1.2506937980651855 10354944 0.23291368194336284 0.0 0.23291368194336284 2.0720608234405518 0.0 0.0 2.0720608234405518 
341.1036865101867 85.95901174890207 1.5923280715942383 0.0 1.2457163333892822 8388608 0.3943981753624645 0.0 0.3943981753624645 1.5923280715942383 0.0 0.0 1.5923280715942383 
325.67040841630165 351.92106199264526 1.9232501983642578 0.0 1.2431843280792236 21692416 0.2703512788017959 0.0 0.2703512788017959 1.9232501983642576 0.0 0.0 1.9232501983642576 
591.0105532788216 102.63830055074489 1.8661953210830688 0.0 1.2408108711242676 19464192 0.2871347844456491 0.0 0.2871347844456491 1.8661953210830688 0.0 0.0 1.8661953210830688 
505.62071588698853 57.64932675057269 1.8887488842010498 0.0 1.219819188117981 20381696 0.2803183695363268 0.0 0.2803183695363268 1.8887488842010498 0.0 0.0 1.8887488842010498 
557.4936178718386 74.01970800950704 1.5990642309188843 0.0 1.2177475690841675 8388608 0.3910823196565149 0.0 0.3910823196565149 1.5990642309188843 0.0 0.0 1.5990642309188843 
280.4435174209753 158.63193538190956 1.5137770175933838 0.0 1.2058682441711426 8388608 0.4363914018391457 0.0 0.4363914018391457 1.5137770175933838 0.0 0.0 1.5137770175933838 
151.69061823883388 267.8188882942984 1.4210060834884644 0.0 1.2051365375518799 8388608 0.4952313457339344 0.0 0.4952313457339344 1.4210060834884644 0.0 0.0 1.4210060834884644 
255.010204690568 382.96267501724526 1.887738585472107 0.0 1.1853070259094238 20316160 0.2806184969786918 0.0 0.2806184969786918 1.8877385854721072 0.0 0.0 1.8877385854721072 
572.6797175259854 448.264236155588 2.3863930702209473 0.0 1.1829990148544312 20578560 0.17559657532048153 0.0 0.17559657532048153 2.3863930702209473 0.0 0.0 2.3863930702209473 
479.656884256436 243.07815762609107 1.463905692100525 0.0 1.1782047748565674 8388608 0.4666312298340203 0.0 0.4666312298340203 1.463905692100525 0.0 0.0 1.463905692100525 
412.9763573537874 82.44789193923907 1.522300124168396 0.0 1.1678434610366821 8388608 0.43151851483670156 0.0 0.43151851483670156 1.522300124168396 0.0 0.0 1.522300124168396 
369.985814187609 84.51443969857046 1.6060056686401367 0.0 1.1492646932601929 8650752 0.38770897300971424 0.0 0.38770897300971424 1.6060056686401367 0.0 0.0 1.6060056686401367 
46.270660369954214 19.896393177357126 2.007742166519165 0.0 1.147956132888794 24772608 0.2480756396045229 0.0 0.2480756396045229 2.007742166519165 0.0 0.0 2.007742166519165 
97.18543101515921 387.7074508377273 1.4377305507659912 0.0 1.1461726427078247 8388608 0.4837767553541998 0.0 0.4837767553541998 1.4377305507659912 0.0 0.0 1.4377305507659912 
469.525872104871 301.76114250305625 2.715841770172119 0.0 1.1389931440353394 13173248 0.13557857747370125 0.0 0.13557857747370125 2.715841770172119 0.0 0.0 2.715841770172119 
47.844805544995246 91.00302939465706 2.0268986225128174 0.0 1.1228876113891602 8782080 0.2434086148357844 0.0 0.2434086148357844 2.0268986225128174 0.0 0.0 2.0268986225128174 
338.20132137959973 307.3760784099168 1.5697684288024902 0.0 1.111027717590332 8388608 0.4058156762690202 0.0 0.4058156762690202 1.5697684288024902 0.0 0.0 1.5697684288024902 
123.8224475695578 381.762311544786 1.5501130819320679 0.0 1.0666518211364746 8388608 0.4161723637027296 0.0 0.4161723637027296 1.5501130819320679 0.0 0.0 1.5501130819320679 
314.91726454919785 318.45567419843667 1.5534381866455078 0.0 1.0636552572250366 8388608 0.4143926525002316 0.0 0.4143926525002316 1.5534381866455078 0.0 0.0 1.5534381866455078 
299.56905348794885 321.45267126155085 1.617966651916504 0.0 1.0592374801635742 9175040 0.3819978053749691 0.0 0.3819978053749691 1.617966651916504 0.0 0.0 1.617966651916504 
162.24787785000817 239.48770100159103 1.5355958938598633 0.0 1.0574203729629517 8388608 0.424078363881334 0.0 0.424078363881334 1.5355958938598633 0.0 0.0 1.5355958938598633 
143.35478791784735 240.965203372722 2.0875134468078613 0.0 1.0547831058502197 10879232 0.22947820102957237 0.0 0.22947820102957237 2.0875134468078613 0.0 0.0 2.0875134468078613 
597.6987469500684 250.25532341510691 1.806585669517517 0.0 1.049752950668335 17170432 0.3063958496254976 0.0 0.3063958496254976 1.8065856695175169 0.0 0.0 1.8065856695175169 
31.52055244750165 259.5439774990082 2.037370443344116 0.0 1.0389082431793213 9109760 0.24091286761158467 0.0 0.24091286761158467 2.037370443344116 0.0 0.0 2.037370443344116 
611.8371918788931 37.034319590840894 1.5929533243179321 0.0 1.0375542640686035 8388608 0.3940886243753717 0.0 0.3940886243753717 1.5929533243179321 0.0 0.0 1.5929533243179321 
164.52270199390168 65.71009838834722 2.0426502227783203 0.0 1.030186414718628 9306368 0.23966906882571348 0.0 0.23966906882571348 2.0426502227783203 0.0 0.0 2.0426502227783203 
328.9259302036203 302.3457184923552 1.6052844524383545 0.0 1.021409034729004 8585216 0.3880574281464326 0.0 0.3880574281464326 1.6052844524383545 0.0 0.0 1.6052844524383545 
218.20613105239966 139.32845435043782 1.7519279718399048 0.0 1.0094118118286133 14942208 0.3258123230977734 0.0 0.3258123230977734 1.7519279718399048 0.0 0.0 1.7519279718399048 
23.573873888626476 68.8372568360793 2.4706573486328125 0.0 1.0091246366500854 23068928 0.16382303370086132 0.0 0.16382303370086132 2.4706573486328125 0.0 0.0 2.4706573486328125 
528.0030970453269 291.5690198478128 2.9090075492858887 0.0 0.96504145860672 18153984 0.11817083475766865 0.0 0.11817083475766865 2.9090075492858887 0.0 0.0 2.9090075492858887 
623.8914038575571 340.5326433715173 1.678014874458313 0.0 0.960820198059082 11796480 0.35514719387600124 0.0 0.35514719387600124 1.678014874458313 0.0 0.0 1.678014874458313 
21.406108149933743 157.7154945143421 2.3742566108703613 0.0 0.9511949419975281 20185344 0.1773963534075618 0.0 0.1773963534075618 2.3742566108703613 0.0 0.0 2.3742566108703613 
242.62328913871278 378.7751812250056 1.8283559083938599 0.0 0.9435099363327026 18022400 0.29914277695862745 0.0 0.29914277695862745 1.8283559083938599 0.0 0.0 1.8283559083938599 
500.2298895772863 20.90833022233076 2.6343820095062256 0.0 0.9416536688804626 11010560 0.14409287154889303 0.0 0.14409287154889303 2.6343820095062256 0.0 0.0 2.6343820095062256 
102.99262975124603 446.3966168190571 1.9130353927612305 0.0 0.936946451663971 21299200 0.2732461114034982 0.0 0.2732461114034982 1.9130353927612305 0.0 0.0 1.9130353927612305 
30.597444564729408 325.12425113029394 2.495039701461792 0.0 0.923022985458374 23789824 0.16063681285465142 0.0 0.16063681285465142 2.495039701461792 0.0 0.0 2.495039701461792 
152.06714981898173 241.05971838893953 1.5194120407104492 0.0 0.9083498120307922 8388608 0.43316052620933543 0.0 0.43316052620933543 1.5194120407104492 0.0 0.0 1.5194120407104492 
608.5847640417992 47.73123379971119 1.6895829439163208 0.0 0.9009923338890076 12320768 0.3503006688333262 0.0 0.3503006688333262 1.6895829439163208 0.0 0.0 1.6895829439163208 
239.86844411004824 227.52562590690826 1.5036042928695679 0.0 0.882116436958313 8388608 0.4423162409254129 0.0 0.4423162409254129 1.5036042928695679 0.0 0.0 1.5036042928695679 
583.3789940866521 357.16185860808486 2.33772873878479 0.0 0.8771651983261108 19071232 0.1829834317516899 0.0 0.1829834317516899 2.33772873878479 0.0 0.0 2.33772873878479 
589.7047688126999 339.77477485179196 1.6222119331359863 0.0 0.871867835521698 9371648 0.38000106731532796 0.0 0.38000106731532796 1.6222119331359863 0.0 0.0 1.6222119331359863 
600.0951295304806 349.8280238293587 1.603270411491394 0.0 0.8557654619216919 8519680 0.38903300213271 0.0 0.38903300213271 1.603270411491394 0.0 0.0 1.603270411491394 
66.69435665068916 253.16342536137074 1.5368456840515137 0.0 0.8547322154045105 8388608 0.4233889082270513 0.0 0.4233889082270513 1.5368456840515137 0.0 0.0 1.5368456840515137 
608.2978849997322 248.38224838107809 1.5638868808746338 0.0 0.852790355682373 8388608 0.4088738419538786 0.0 0.4088738419538786 1.5638868808746338 0.0 0.0 1.5638868808746338 
206.78019979432972 47.77071741614808 2.459848165512085 0.0 0.8495412468910217 22741248 0.16526595513626352 0.0 0.16526595513626352 2.459848165512085 0.0 0.0 2.459848165512085 
526.7908448297785 135.66030456234822 1.5499980449676514 0.0 0.8007595539093018 8388608 0.41623414053159546 0.0 0.41623414053159546 1.5499980449676514 0.0 0.0 1.5499980449676514 
517.1668006516658 449.5644126433362 1.5336860418319702 0.0 0.7945177555084229 8388608 0.42513520496832996 0.0 0.42513520496832996 1.5336860418319702 0.0 0.0 1.5336860418319702 
203.3466845649354 452.00718367353403 1.9421865940093994 0.0 0.7940248250961304 22347776 0.26510510808411336 0.0 0.26510510808411336 1.9421865940093996 0.0 0.0 1.9421865940093996 
32.313192614398986 347.93443711956184 2.4471492767333984 0.0 0.7748279571533203 22348032 0.16698562081859578 0.0 0.16698562081859578 2.4471492767333984 0.0 0.0 2.4471492767333984 
545.8339184354303 316.36891100030573 2.5126724243164062 0.0 0.7661823630332947 24314112 0.15839018019401044 0.0 0.15839018019401044 2.5126724243164062 0.0 0.0 2.5126724243164062 
222.32779988019598 57.7047484844655 1.4060642719268799 0.0 0.7589033842086792 8388608 0.5058126122007592 0.0 0.5058126122007592 1.4060642719268799 0.0 0.0 1.4060642719268799 
511.27609936983464 282.77530177341345 1.6479142904281616 0.0 0.731109619140625 10485760 0.36823982901671415 0.0 0.36823982901671415 1.6479142904281616 0.0 0.0 1.6479142904281616 
112.1626242955461 17.688613027950595 1.5980675220489502 0.0 0.7285952568054199 8388608 0.3915703050118544 0.0 0.3915703050118544 1.5980675220489502 0.0 0.0 1.5980675220489502 
259.9671492272235 44.22793956513101 2.077244281768799 0.0 0.7162749767303467 10551552 0.23175272840790334 0.0 0.23175272840790334 2.077244281768799 0.0 0.0 2.077244281768799 
496.70232703176623 100.1182738426435 2.6168668270111084 0.0 0.7067286372184753 10486272 0.14602820818348505 0.0 0.14602820818348505 2.6168668270111084 0.0 0.0 2.6168668270111084 
605.3983677727264 459.65282866132407 1.449035882949829 0.0 0.6894581317901611 8388608 0.4762573812636953 0.0 0.4762573812636953 1.449035882949829 0.0 0.0 1.449035882949829 
551.7929088594976 57.28625741228475 1.7582299709320068 0.0 0.6777610182762146 15204352 0.3234808997383404 0.0 0.3234808997383404 1.7582299709320068 0.0 0.0 1.7582299709320068 
559.3961721679989 171.0840044304388 1.582513689994812 0.0 0.6443997621536255 8388608 0.39930527605931176 0.0 0.39930527605931176 1.582513689994812 0.0 0.0 1.582513689994812 
555.2163412849976 170.2379905143615 1.6466445922851562 0.0 0.6337802410125732 10420224 0.3688079342293507 0.0 0.3688079342293507 1.6466445922851562 0.0 0.0 1.6466445922851562 
55.16840379732721 392.74036691543904 2.089984893798828 0.0 0.6166355609893799 10944768 0.22893579722342167 0.0 0.22893579722342167 2.089984893798828 0.0 0.0 2.089984893798828 
399.3968290775319 387.7168099668924 2.6050984859466553 0.0 0.6062500476837158 10158592 0.14735053161120268 0.0 0.14735053161120268 2.6050984859466553 0.0 0.0 2.6050984859466553 
543.2801530411903 205.50534954984138 1.8694065809249878 0.0 0.6009712815284729 19595264 0.2861491535481587 0.0 0.2861491535481587 1.8694065809249876 0.0 0.0 1.8694065809249876 
517.6206064212747 434.7786996845142 2.3753550052642822 0.0 0.5975268483161926 20250880 0.17723233067510735 0.0 0.17723233067510735 2.3753550052642822 0.0 0.0 2.3753550052642822 
400.92079646225073 397.1145381529229 1.5825690031051636 0.0 0.5935772061347961 8388608 0.39927736393570523 0.0 0.39927736393570523 1.5825690031051636 0.0 0.0 1.5825690031051636 
183.80436470343713 182.5782426823961 1.8569221496582031 0.0 0.5870962738990784 19136512 0.2900097552702917 0.0 0.2900097552702917 1.8569221496582031 0.0 0.0 1.8569221496582031 
231.4235380670033 217.0567881221725 1.4790452718734741 0.0 0.5866692066192627 8388608 0.4571272017114012 0.0 0.4571272017114012 1.4790452718734741 0.0 0.0 1.4790452718734741 
105.49935134928278 458.7385864004176 1.9269165992736816 0.0 0.5822454690933228 21823488 0.2693234469104248 0.0 0.2693234469104248 1.9269165992736816 0.0 0.0 1.9269165992736816 
528.1171327652464 446.26389882987263 1.5771805047988892 0.0 0.5639432072639465 8388608 0.402010317765054 0.0 0.402010317765054 1.5771805047988892 0.0 0.0 1.5771805047988892 
184.46756780908464 23.64537558149784 2.116513967514038 0.0 0.5604720711708069 11862272 0.22323265384107296 0.0 0.22323265384107296 2.116513967514038 0.0 0.0 2.116513967514038 
67.14783250300742 378.3877674347267 1.5483149290084839 0.0 0.5549516677856445 8388608 0.41713957791207357 0.0 0.41713957791207357 1.5483149290084839 0.0 0.0 1.5483149290084839 
157.48241003916945 145.22752574342024 1.5780842304229736 0.0 0.5403817892074585 8388608 0.4015500090054626 0.0 0.4015500090054626 1.5780842304229736 0.0 0.0 1.5780842304229736 
619.2103552716844 357.27345739526953 2.173834800720215 0.0 0.5339675545692444 13828352 0.21161523249655387 0.0 0.21161523249655387 2.173834800720215 0.0 0.0 2.173834800720215 
67.77516408676797 390.10962315506123 2.065687417984009 0.0 0.5274276733398438 10092800 0.2343531479155295 0.0 0.2343531479155295 2.065687417984009 0.0 0.0 2.065687417984009 
278.02566986895624 363.87131367338463 2.1546216011047363 0.0 0.5246583819389343 13172992 0.2154060916527767 0.0 0.2154060916527767 2.1546216011047363 0.0 0.0 2.1546216011047363 
493.42706004609454 39.25803894692279 1.9851224422454834 0.0 0.5237880349159241 23986176 0.25376130650203227 0.0 0.25376130650203227 1.9851224422454834 0.0 0.0 1.9851224422454834 
465.89392481634525 38.87452530803676 2.535627841949463 0.0 0.5213422775268555 24969472 0.1555353018519447 0.0 0.1555353018519447 2.535627841949463 0.0 0.0 2.535627841949463 
475.00562663797564 277.5164820609424 1.5134353637695312 0.0 0.5207623243331909 8388608 0.4365884523687838 0.0 0.4365884523687838 1.5134353637695312 0.0 0.0 1.5134353637695312 
464.21993671863845 308.3015900743974 1.4954079389572144 0.0 0.48266124725341797 8388608 0.44717821302026256 0.0 0.44717821302026256 1.4954079389572144 0.0 0.0 1.4954079389572144 
325.06118513455374 366.7191842645363 2.639937400817871 0.0 0.4817016124725342 11141632 0.14348706171224004 0.0 0.14348706171224004 2.639937400817871 0.0 0.0 2.639937400817871 
156.53841470390782 34.0278141516845 1.3997479677200317 0.0 0.4790968596935272 8388608 0.5103878282461662 0.0 0.5103878282461662 1.3997479677200317 0.0 0.0 1.3997479677200317 
178.44046606916064 439.85619820939735 2.0169107913970947 0.0 0.4612329304218292 8388864 0.2458253242553733 0.0 0.2458253242553733 2.0169107913970947 0.0 0.0 2.0169107913970947 
133.18992714562043 24.208618915878713 1.5889698266983032 0.0 0.454716295003891 8388608 0.3960670368719383 0.0 0.3960670368719383 1.5889698266983032 0.0 0.0 1.5889698266983032 
309.07281706152355 43.5296425606498 1.4491714239120483 0.0 0.4396290183067322 8388608 0.47616829675117445 0.0 0.47616829675117445 1.4491714239120483 0.0 0.0 1.4491714239120483 
572.1506094019464 417.933534591756 1.9567461013793945 0.0 0.42617788910865784 22937600 0.26117466455974914 0.0 0.26117466455974914 1.9567461013793945 0.0 0.0 1.9567461013793945 
576.6292528700321 341.4334258424475 2.093198776245117 0.0 0.404570072889328 11075840 0.22823332414894545 0.0 0.22823332414894545 2.093198776245117 0.0 0.0 2.093198776245117 
479.5648005791241 60.66638021595018 1.4626649618148804 0.0 0.40328168869018555 8388608 0.4674232212633531 0.0 0.4674232212633531 1.4626649618148804 0.0 0.0 1.4626649618148804 
53.51461273939912 283.9032004229378 1.4217878580093384 0.0 0.4003239870071411 8388608 0.49468688643856473 0.0 0.49468688643856473 1.4217878580093384 0.0 0.0 1.4217878580093384 
416.7732264615572 177.89165890432724 1.5777127742767334 0.0 0.3852527141571045 8388608 0.4017391128527277 0.0 0.4017391128527277 1.5777127742767334 0.0 0.0 1.5777127742767334 
104.94820898644468 71.18601194341132 1.8991386890411377 0.0 0.37238752841949463 20774912 0.2772596288057444 0.0 0.2772596288057444 1.8991386890411375 0.0 0.0 1.8991386890411375 
584.9622030365938 462.8265245552236 1.6197654008865356 0.0 0.36845076084136963 9240576 0.38114985957201925 0.0 0.38114985957201925 1.6197654008865356 0.0 0.0 1.6197654008865356 
469.9900043264996 60.60105943288972 1.4520225524902344 0.0 0.3566666841506958 8388608 0.47430016576716655 0.0 0.47430016576716655 1.4520225524902344 0.0 0.0 1.4520225524902344 
88.61239313619811 140.95830960372862 1.5300469398498535 0.0 0.35399943590164185 8388608 0.42715991436744466 0.0 0.42715991436744466 1.5300469398498535 0.0 0.0 1.5300469398498535 
457.9040024862634 97.16770571153685 1.5172603130340576 0.0 0.34010428190231323 8388608 0.43438998483414687 0.0 0.43438998483414687 1.5172603130340576 0.0 0.0 1.5172603130340576 
414.3328101381343 382.25572494750327 2.028545379638672 0.0 0.33437350392341614 8782080 0.24301358085951266 0.0 0.24301358085951266 2.028545379638672 0.0 0.0 2.028545379638672 
568.0834164222052 59.344518199067416 2.378361940383911 0.0 0.33253470063209534 20316416 0.17678446845172174 0.0 0.17678446845172174 2.378361940383911 0.0 0.0 2.378361940383911 
347.3078744711671 331.7948476047588 1.4234473705291748 0.0 0.32867753505706787 8388608 0.4935341068466568 0.0 0.4935341068466568 1.4234473705291748 0.0 0.0 1.4234473705291748 
590.2110225887911 134.42018610207265 1.5916202068328857 0.0 0.3212491273880005 8388608 0.39474906642445423 0.0 0.39474906642445423 1.5916202068328857 0.0 0.0 1.5916202068328857 
125.54602211303366 132.05578159829014 1.5690778493881226 0.0 0.32105565071105957 8388608 0.40617296844958767 0.0 0.40617296844958767 1.5690778493881226 0.0 0.0 1.5690778493881226 
510.7571125915756 372.1757176417999 1.5809290409088135 0.0 0.31207698583602905 8388608 0.40010616698887896 0.0 0.40010616698887896 1.5809290409088135 0.0 0.0 1.5809290409088135 
428.6955321443842 368.14397468972714 1.9161572456359863 0.0 0.2716543674468994 21430272 0.27235647745753616 0.0 0.27235647745753616 1.9161572456359863 0.0 0.0 1.9161572456359863 
573.4993405732622 241.11719045752073 1.5994930267333984 0.0 0.2680206596851349 8388608 0.39087266324534475 0.0 0.39087266324534475 1.5994930267333984 0.0 0.0 1.5994930267333984 
137.80542159860573 158.90160826375737 1.5044660568237305 0.0 0.26494407653808594 8388608 0.44180966515709763 0.0 0.44180966515709763 1.5044660568237305 0.0 0.0 1.5044660568237305 
525.1294329528646 354.5132111478724 2.4748659133911133 0.0 0.26144376397132874 23200000 0.1632663379852909 0.0 0.1632663379852909 2.4748659133911133 0.0 0.0 2.4748659133911133 
460.9324706853264 385.1019389279477 2.588660955429077 0.0 0.23956918716430664 9765376 0.1492277714538034 0.0 0.1492277714538034 2.588660955429077 0.0 0.0 2.588660955429077 
620.4442794715449 84.864267859981 1.5925114154815674 0.0 0.2394990622997284 8388608 0.394307367433034 0.0 0.394307367433034 1.5925114154815674 0.0 0.0 1.5925114154815674 
459.10627894301473 352.83878916025 2.38435959815979 0.0 0.20716631412506104 20513024 0.17589621384139734 0.0 0.17589621384139734 2.38435959815979 0.0 0.0 2.38435959815979 
112.26749317916293 274.310122986843 1.3867398500442505 0.0 0.18407011032104492 8388608 0.5200079799985775 0.0 0.5200079799985775 1.3867398500442505 0.0 0.0 1.3867398500442505 
607.8202847622811 320.36584275834105 2.231976270675659 0.0 0.1820978969335556 15728896 0.20073396072894523 0.0 0.20073396072894523 2.231976270675659 0.0 0.0 2.231976270675659 
127.13421433388085 461.33132397202473 1.540388822555542 0.0 0.17980879545211792 8388608 0.4214434250377574 0.0 0.4214434250377574 1.540388822555542 0.0 0.0 1.540388822555542 
42.599787347679325 243.6479665874499 1.73316490650177 0.0 0.1604992151260376 14155776 0.3329049298383865 0.0 0.3329049298383865 1.73316490650177 0.0 0.0 1.73316490650177 
620.1659535969242 327.8518595758062 1.5635031461715698 0.0 0.14891448616981506 8388608 0.4090745685552864 0.0 0.4090745685552864 1.5635031461715698 0.0 0.0 1.5635031461715698 
316.0019370909551 39.735595882862896 2.4242146015167236 0.0 0.1408935785293579 21692672 0.17016015579104202 0.0 0.17016015579104202 2.4242146015167236 0.0 0.0 2.4242146015167236 
47.11448716792283 166.4915076694432 1.5506219863891602 0.0 0.12903285026550293 8388608 0.41589923818501573 0.0 0.41589923818501573 1.5506219863891602 0.0 0.0 1.5506219863891602 
22.560107586496184 141.9173800914922 1.6308472156524658 0.0 0.12538433074951172 9764864 0.37598753490731573 0.0 0.37598753490731573 1.6308472156524658 0.0 0.0 1.6308472156524658 
468.41581987079945 428.62084495851144 2.7059597969055176 0.0 0.12445691227912903 12911104 0.13657063232795696 0.0 0.13657063232795696 2.7059597969055176 0.0 0.0 2.7059597969055176 
247.10306365439234 43.92725128823138 2.3632640838623047 0.0 0.12269484996795654 19857664 0.17905048036743137 0.0 0.17905048036743137 2.3632640838623047 0.0 0.0 2.3632640838623047 
528.2609225750506 417.29905159527806 1.5968221426010132 0.0 0.12201768159866333 8388608 0.39218132330941113 0.0 0.39218132330941113 1.5968221426010132 0.0 0.0 1.5968221426010132 
215.25693064798466 388.5386022446437 2.390584707260132 0.0 0.1148580014705658 20709632 0.1749813351867315 0.0 0.1749813351867315 2.390584707260132 0.0 0.0 2.390584707260132 
417.6565894574206 131.56865318594504 1.52183997631073 0.0 0.11273193359375 8388608 0.4317795046150885 0.0 0.4317795046150885 1.52183997631073 0.0 0.0 1.52183997631073 
394.8547331900536 427.01794446114735 2.4683332443237305 0.0 0.11125251650810242 23003392 0.16413168008533013 0.0 0.16413168008533013 2.4683332443237305 0.0 0.0 2.4683332443237305 
541.4594617724586 226.2516854526551 1.5340166091918945 0.0 0.0981089174747467 8388608 0.4249519987639826 0.0 0.4249519987639826 1.5340166091918945 0.0 0.0 1.5340166091918945 
197.45232268188067 291.9646274597206 1.66579270362854 0.0 0.09344762563705444 11272192 0.3603778492101086 0.0 0.3603778492101086 1.66579270362854 0.0 0.0 1.66579270362854 
218.41034015750844 123.97160747232593 1.6167758703231812 0.0 0.09193933010101318 9109504 0.3825607077233205 0.0 0.3825607077233205 1.6167758703231812 0.0 0.0 1.6167758703231812 
146.85315977486047 29.213458982952602 2.362684726715088 0.0 0.0862542986869812 19857664 0.17913830155892577 0.0 0.17913830155892577 2.362684726715088 0.0 0.0 2.362684726715088 
555.9221984132528 440.15149437772465 2.396441698074341 0.0 0.08324968814849854 20840704 0.17412705888941626 0.0 0.17412705888941626 2.396441698074341 0.0 0.0 2.396441698074341 
457.97986367408265 221.83361302538123 1.9486068487167358 0.0 0.07171100378036499 22609920 0.2633610534726546 0.0 0.2633610534726546 1.948606848716736 0.0 0.0 1.948606848716736 
124.72436169617077 408.02927904481703 2.374166965484619 0.0 0.06943175196647644 20185344 0.17740975016102967 0.0 0.17740975016102967 2.374166965484619 0.0 0.0 2.374166965484619 
430.2088847148105 449.5131872443889 2.5127170085906982 0.0 0.05784636735916138 24314112 0.1583845594666741 0.0 0.1583845594666741 2.5127170085906982 0.0 0.0 2.5127170085906982 
452.1621450846481 289.3693029131018 1.6801118850708008 0.0 0.04295825958251953 11862016 0.3542612020946513 0.0 0.3542612020946513 1.6801118850708008 0.0 0.0 1.6801118850708008 
46.909420913838325 156.38707934541907 2.0360524654388428 0.0 0.039421916007995605 9044224 0.2412248640948341 0.0 0.2412248640948341 2.0360524654388428 0.0 0.0 2.0360524654388428 
292.0823882349787 395.7229390245803 2.068981647491455 0.0 0.03578329086303711 10223872 0.23360746855492084 0.0 0.23360746855492084 2.068981647491455 0.0 0.0 2.068981647491455 
334.0887358784264 387.5835403440634 1.6488372087478638 0.0 0.03080826997756958 10551296 0.36782770807799436 0.0 0.36782770807799436 1.6488372087478638 0.0 0.0 1.6488372087478638 
140.7769733029008 219.11155207182156 1.5115123987197876 0.0 0.02522110939025879 8388608 0.437700025618411 0.0 0.437700025618411 1.5115123987197876 0.0 0.0 1.5115123987197876 
364.33647835508305 400.4799529339405 2.0208301544189453 0.0 0.02442997694015503 8519936 0.24487270153347268 0.0 0.24487270153347268 2.0208301544189453 0.0 0.0 2.0208301544189453 
89.03146996903926 451.27207627194997 1.937010645866394 0.0 0.01755976676940918 22151168 0.2665237926999143 0.0 0.2665237926999143 1.937010645866394 0.0 0.0 1.937010645866394 
412.4974049608758 39.10593604026957 2.058379650115967 0.0 0.014818906784057617 9896192 0.23602012755415097 0.0 0.23602012755415097 2.058379650115967 0.0 0.0 2.058379650115967 
127.23993891632301 159.28261424698113 1.447138786315918 0.0 0.012205302715301514 8388608 0.47750687923837937 0.0 0.47750687923837937 1.447138786315918 0.0 0.0 1.447138786315918 
291.8328061361743 39.84599807873916 2.4969944953918457 0.0 0.002451300621032715 23855360 0.1603853994423866 0.0 0.1603853994423866 2.4969944953918457 0.0 0.0 2.4969944953918457 
426.2075083205041 106.59023173311924 1.780619502067566 0.0 -0.019067347049713135 16121856 0.31539713845392586 0.0 0.31539713845392586 1.780619502067566 0.0 0.0 1.780619502067566 
460.965176413206 24.0776576024368 1.4793092012405396 0.0 -0.021406888961791992 8388608 0.45696410054207476 0.0 0.45696410054207476 1.4793092012405396 0.0 0.0 1.4793092012405396 
585.0635804673459 313.85487230787885 1.8844774961471558 0.0 -0.02844858169555664 20185088 0.28159055824904206 0.0 0.28159055824904206 1.8844774961471558 0.0 0.0 1.8844774961471558 
531.4457070472392 307.1368349257936 1.9137232303619385 0.0 -0.04268166422843933 21299200 0.2730497244129135 0.0 0.2730497244129135 1.9137232303619387 0.0 0.0 1.9137232303619387 
622.1259843440766 254.37514191992742 1.8586379289627075 0.0 -0.047391533851623535 19202048 0.2894745643597172 0.0 0.2894745643597172 1.8586379289627073 0.0 0.0 1.8586379289627073 
65.07466643921873 462.20761496969993 2.2290680408477783 0.0 -0.05044865608215332 15597824 0.20125809126775746 0.0 0.20125809126775746 2.2290680408477783 0.0 0.0 2.2290680408477783 
347.006419113027 39.67668075247962 2.659902334213257 0.0 -0.057966411113739014 11665920 0.14134114943847262 0.0 0.14134114943847262 2.659902334213257 0.0 0.0 2.659902334213257 
364.04304970547304 381.9295672906275 2.3218204975128174 0.0 -0.06448483467102051 18546944 0.185499489244703 0.0 0.185499489244703 2.3218204975128174 0.0 0.0 2.3218204975128174 
38.1645140628493 194.94525570951149 1.4851963520050049 0.0 -0.07472503185272217 8388608 0.45334857227502245 0.0 0.45334857227502245 1.4851963520050049 0.0 0.0 1.4851963520050049 
336.38879006712983 239.7919371954914 1.490460753440857 0.0 -0.08101052045822144 8388608 0.4501517164802618 0.0 0.4501517164802618 1.490460753440857 0.0 0.0 1.490460753440857 
539.3247229647129 407.6232419622705 1.814417839050293 0.0 -0.09352704882621765 17432576 0.3037563640742561 0.0 0.3037563640742561 1.814417839050293 0.0 0.0 1.814417839050293 
427.6821076413419 443.0438397082877 1.8393340110778809 0.0 -0.10074722766876221 18415616 0.2955825538210536 0.0 0.2955825538210536 1.8393340110778809 0.0 0.0 1.8393340110778809 
597.6352567875639 410.8842414592175 1.9188193082809448 0.0 -0.12256082892417908 21495808 0.2716012973646781 0.0 0.2716012973646781 1.9188193082809448 0.0 0.0 1.9188193082809448 
97.06632805509074 376.7169004626413 1.5016082525253296 0.0 -0.13729089498519897 8388608 0.44349293644935556 0.0 0.44349293644935556 1.5016082525253296 0.0 0.0 1.5016082525253296 
592.2963475192115 452.5907087772181 1.5128494501113892 0.0 -0.15560013055801392 8388608 0.43692669180482974 0.0 0.43692669180482974 1.5128494501113892 0.0 0.0 1.5128494501113892 
50.68247779872556 209.19677402602466 1.5773128271102905 0.0 -0.15605312585830688 8388608 0.4019428705190136 0.0 0.4019428705190136 1.5773128271102905 0.0 0.0 1.5773128271102905 
49.36574867994712 191.9743358208255 1.6298624277114868 0.0 -0.163396954536438 9699328 0.3764420270716168 0.0 0.3764420270716168 1.6298624277114868 0.0 0.0 1.6298624277114868 
551.1496421545253 243.2618717879268 1.7389099597930908 0.0 -0.1679992377758026 14352384 0.33070884466845907 0.0 0.33070884466845907 1.7389099597930908 0.0 0.0 1.7389099597930908 
89.48247936703919 431.52528031451834 2.5458617210388184 0.0 -0.16827338933944702 8520192 0.15428737056366149 0.0 0.15428737056366149 2.5458617210388184 0.0 0.0 2.5458617210388184 
228.16122357408904 322.0889354313447 1.4686144590377808 0.0 -0.17160522937774658 8388608 0.46364374023340654 0.0 0.46364374023340654 1.4686144590377808 0.0 0.0 1.4686144590377808 
418.13041885976094 408.95104748298587 1.4255034923553467 0.0 -0.17193198204040527 8388608 0.4921114033404842 0.0 0.4921114033404842 1.4255034923553467 0.0 0.0 1.4255034923553467 
277.3020588575315 396.2224242568684 2.418207883834839 0.0 -0.17453306913375854 21496064 0.17100654575873403 0.0 0.17100654575873403 2.418207883834839 0.0 0.0 2.418207883834839 
428.9238381749038 130.93082091112694 1.5277822017669678 0.0 -0.18173250555992126 8388608 0.42842727086710003 0.0 0.42842727086710003 1.5277822017669678 0.0 0.0 1.5277822017669678 
390.0070243134594 276.5664858105808 1.6627293825149536 0.0 -0.19759726524353027 11141120 0.36170695305246625 0.0 0.36170695305246625 1.6627293825149536 0.0 0.0 1.6627293825149536 
292.90647400403077 416.20228182495174 2.5867979526519775 0.0 -0.20328226685523987 9699840 0.14944279548681405 0.0 0.14944279548681405 2.5867979526519775 0.0 0.0 2.5867979526519775 
393.9794028464784 232.61257204603643 1.9392085075378418 0.0 -0.21502697467803955 22282240 0.2659199891698118 0.0 0.2659199891698118 1.9392085075378418 0.0 0.0 1.9392085075378418 
570.0737651916261 381.2448342911741 1.874446153640747 0.0 -0.23059868812561035 19791872 0.28461256001689794 0.0 0.28461256001689794 1.874446153640747 0.0 0.0 1.874446153640747 
445.2917904916956 453.1116920821424 1.658193826675415 0.0 -0.2357085794210434 10944512 0.36368836884806927 0.0 0.36368836884806927 1.658193826675415 0.0 0.0 1.658193826675415 
371.90969864358294 41.304097926363035 1.9548183679580688 0.0 -0.23618674278259277 22872064 0.2616900304756338 0.0 0.2616900304756338 1.9548183679580688 0.0 0.0 1.9548183679580688 
448.5374589187862 387.42746445603467 1.5597188472747803 0.0 -0.2476857602596283 8388608 0.41106202731738545 0.0 0.41106202731738545 1.5597188472747803 0.0 0.0 1.5597188472747803 
237.54884832463367 404.6480442615266 1.8157070875167847 0.0 -0.2507270574569702 17498112 0.30332515091804246 0.0 0.30332515091804246 1.8157070875167847 0.0 0.0 1.8157070875167847 
31.984086591427786 428.91666957823605 2.355699062347412 0.0 -0.26282796263694763 19595520 0.18020232161201744 0.0 0.18020232161201744 2.355699062347412 0.0 0.0 2.355699062347412 
139.7840169610778 199.90676230353907 1.5518008470535278 0.0 -0.26321280002593994 8388608 0.4152675836473102 0.0 0.4152675836473102 1.5518008470535278 0.0 0.0 1.5518008470535278 
361.0638225636584 16.406032699219725 1.9904547929763794 0.0 -0.2749769985675812 24117248 0.2524034944255253 0.0 0.2524034944255253 1.9904547929763792 0.0 0.0 1.9904547929763792 
395.60478654971934 300.83669090864225 1.4443460702896118 0.0 -0.28096240758895874 8388608 0.47935523175763184 0.0 0.47935523175763184 1.4443460702896118 0.0 0.0 1.4443460702896118 
438.0610879393475 391.5213896173355 1.5847129821777344 0.0 -0.28758513927459717 8388608 0.398197719550143 0.0 0.398197719550143 1.5847129821777344 0.0 0.0 1.5847129821777344 
557.1797832883826 243.14973621475326 2.6984469890594482 0.0 -0.30406779050827026 12714496 0.1373321497618923 0.0 0.1373321497618923 2.6984469890594482 0.0 0.0 2.6984469890594482 
225.94829177856445 460.57675358336024 2.0143182277679443 0.0 -0.3052648603916168 25034752 0.2464585190718865 0.0 0.2464585190718865 2.0143182277679443 0.0 0.0 2.0143182277679443 
22.24275922261536 174.07561357669815 2.4151949882507324 0.0 -0.3068926930427551 21430528 0.17143346469005927 0.0 0.17143346469005927 2.4151949882507324 0.0 0.0 2.4151949882507324 
504.86488797894765 131.6578486047423 1.6191678047180176 0.0 -0.31315767765045166 9240576 0.38143125811263173 0.0 0.38143125811263173 1.6191678047180176 0.0 0.0 1.6191678047180176 
46.40166742492203 457.37316914886526 2.3310470581054688 0.0 -0.3227636218070984 18874624 0.18403393747263694 0.0 0.18403393747263694 2.3310470581054688 0.0 0.0 2.3310470581054688 
346.87237435013844 238.1618612704085 1.5215224027633667 0.0 -0.34266340732574463 8388608 0.43195976625145843 0.0 0.43195976625145843 1.5215224027633667 0.0 0.0 1.5215224027633667 
47.63702406304974 176.26057187134762 1.7357475757598877 0.0 -0.3514929413795471 14221312 0.33191498902917194 0.0 0.33191498902917194 1.7357475757598877 0.0 0.0 1.7357475757598877 
259.57420718923527 446.3911322152361 2.1053109169006348 0.0 -0.35646653175354004 11469056 0.22561476350391135 0.0 0.22561476350391135 2.1053109169006348 0.0 0.0 2.1053109169006348 
427.26411409861157 392.8978259256772 1.6832691431045532 0.0 -0.3612031936645508 11993088 0.3529334939644415 0.0 0.3529334939644415 1.6832691431045532 0.0 0.0 1.6832691431045532 
111.08225509460937 162.5094000760545 1.859316110610962 0.0 -0.38056325912475586 19202048 0.2892634323923458 0.0 0.2892634323923458 1.8593161106109621 0.0 0.0 1.8593161106109621 
604.8227443370265 281.34300974383876 1.4530253410339355 0.0 -0.38594287633895874 8388608 0.4736457261833317 0.0 0.4736457261833317 1.4530253410339355 0.0 0.0 1.4530253410339355 
170.10387574865464 155.84021619025697 1.8975673913955688 0.0 -0.394569993019104 20709376 0.27771899354707963 0.0 0.27771899354707963 1.8975673913955688 0.0 0.0 1.8975673913955688 
389.4125499058195 388.3438347738615 1.6458823680877686 0.0 -0.4137016236782074 10420224 0.369149610439639 0.0 0.369149610439639 1.6458823680877686 0.0 0.0 1.6458823680877686 
612.8059295390905 343.4032685134803 1.6019409894943237 0.0 -0.41383254528045654 8454144 0.38967897303544496 0.0 0.38967897303544496 1.6019409894943237 0.0 0.0 1.6019409894943237 
597.2001483701463 27.817780595595075 1.4460723400115967 0.0 -0.41594600677490234 8388608 0.4782114404245452 0.0 0.4782114404245452 1.4460723400115967 0.0 0.0 1.4460723400115967 
495.24230355539925 313.16520171158805 1.6515411138534546 0.0 -0.4162479043006897 10616832 0.36662427807808134 0.0 0.36662427807808134 1.6515411138534546 0.0 0.0 1.6515411138534546 
572.0810973796439 213.3144170020489 2.167698621749878 0.0 -0.4228441119194031 13631744 0.21281498120085882 0.0 0.21281498120085882 2.167698621749878 0.0 0.0 2.167698621749878 
303.9046955717371 308.1769206168804 1.9349135160446167 0.0 -0.4313802421092987 22085632 0.2671018421954709 0.0 0.2671018421954709 1.934913516044617 0.0 0.0 1.934913516044617 
472.83755975391006 381.9846025274155 1.924377679824829 0.0 -0.44617679715156555 21692416 0.2700345771865912 0.0 0.2700345771865912 1.9243776798248293 0.0 0.0 1.9243776798248293 
180.05933897756984 428.4627896305368 1.5350364446640015 0.0 -0.4546066224575043 8388608 0.4243875337825641 0.0 0.4243875337825641 1.5350364446640015 0.0 0.0 1.5350364446640015 
364.50148936743574 370.6435825726103 1.8147763013839722 0.0 -0.4697842597961426 17498112 0.3036363774276181 0.0 0.3036363774276181 1.8147763013839722 0.0 0.0 1.8147763013839722 
140.25337850286607 421.225658092093 2.1937625408172607 0.0 -0.4716914892196655 14483712 0.20778814548569177 0.0 0.20778814548569177 2.1937625408172607 0.0 0.0 2.1937625408172607 
470.078680637035 358.8899772725207 1.9728658199310303 0.0 -0.47545814514160156 23527424 0.2569241347562214 0.0 0.2569241347562214 1.9728658199310303 0.0 0.0 1.9728658199310303 
252.62843902965415 413.7343548800579 1.446083426475525 0.0 -0.4817131757736206 8388608 0.47820410799342195 0.0 0.47820410799342195 1.446083426475525 0.0 0.0 1.446083426475525 
484.2131246492329 332.8666949064405 1.532330870628357 0.0 -0.49452412128448486 8388608 0.42588750430447103 0.0 0.42588750430447103 1.532330870628357 0.0 0.0 1.532330870628357 
439.3172723738466 371.3690321358812 1.4962087869644165 0.0 -0.49604761600494385 8388608 0.446699635509865 0.0 0.446699635509865 1.4962087869644165 0.0 0.0 1.4962087869644165 
230.7941103442369 379.30545026928644 1.5317140817642212 0.0 -0.49737077951431274 8388608 0.42623056514269825 0.0 0.42623056514269825 1.5317140817642212 0.0 0.0 1.5317140817642212 
501.42372112832174 402.65846163161257 2.117079019546509 0.0 -0.5051602125167847 11927808 0.2231135073846875 0.0 0.2231135073846875 2.117079019546509 0.0 0.0 2.117079019546509 
235.0596327256618 368.82504539088654 1.513862133026123 0.0 -0.5213708877563477 8388608 0.4363423318505143 0.0 0.4363423318505143 1.513862133026123 0.0 0.0 1.513862133026123 
609.5364504442983 420.3452433394653 1.6738249063491821 0.0 -0.5236260294914246 11599872 0.35692744924553776 0.0 0.35692744924553776 1.6738249063491821 0.0 0.0 1.6738249063491821 
480.5070489359074 448.6205567928911 1.3773335218429565 0.0 -0.5280067920684814 8388608 0.5271348931777708 0.0 0.5271348931777708 1.3773335218429565 0.0 0.0 1.3773335218429565 
221.21535969464827 372.1664459841015 1.4677919149398804 0.0 -0.5403505563735962 8388608 0.4641635336407458 0.0 0.4641635336407458 1.4677919149398804 0.0 0.0 1.4677919149398804 
591.9126691209509 390.7323355268925 1.8719840049743652 0.0 -0.5421347618103027 19726336 0.2853617323106205 0.0 0.2853617323106205 1.8719840049743652 0.0 0.0 1.8719840049743652 
111.1014215098182 428.3442018053674 2.3395371437072754 0.0 -0.5619452595710754 19136768 0.18270065765882398 0.0 0.18270065765882398 2.3395371437072754 0.0 0.0 2.3395371437072754 
416.2674648406658 361.42304371012017 1.8710064888000488 0.0 -0.5644867420196533 19660800 0.2856599873715047 0.0 0.2856599873715047 1.871006488800049 0.0 0.0 1.871006488800049 
507.27315187454224 309.61172586299006 2.03216814994812 0.0 -0.5712834000587463 8913152 0.2421479067749318 0.0 0.2421479067749318 2.03216814994812 0.0 0.0 2.03216814994812 
75.82257586034596 292.55530884181553 1.842897891998291 0.0 -0.5826696157455444 18546688 0.29444043688504373 0.0 0.29444043688504373 1.8428978919982912 0.0 0.0 1.8428978919982912 
164.0388407901282 436.3011274926847 1.5790687799453735 0.0 -0.583958625793457 8388608 0.4010494321775077 0.0 0.4010494321775077 1.5790687799453735 0.0 0.0 1.5790687799453735 
548.372473331208 301.77203653213826 1.837311029434204 0.0 -0.586830198764801 18350080 0.29623381782974934 0.0 0.29623381782974934 1.837311029434204 0.0 0.0 1.837311029434204 
157.64260207002118 155.79676662684875 1.4915128946304321 0.0 -0.5944544672966003 8388608 0.44951684954369386 0.0 0.44951684954369386 1.4915128946304321 0.0 0.0 1.4915128946304321 
413.68378996546704 438.49885983632186 2.3368594646453857 0.0 -0.6053139567375183 19071232 0.183119590859213 0.0 0.183119590859213 2.3368594646453857 0.0 0.0 2.3368594646453857 
68.24591967919338 303.3907012737638 1.4635032415390015 0.0 -0.6139118671417236 8388608 0.4668879041156576 0.0 0.4668879041156576 1.4635032415390015 0.0 0.0 1.4635032415390015 
160.09988641856285 179.97182153013347 1.4903966188430786 0.0 -0.6211005449295044 8388608 0.45019045908083216 0.0 0.45019045908083216 1.4903966188430786 0.0 0.0 1.4903966188430786 
228.16614019969342 374.78096625025086 2.62746000289917 0.0 -0.6259456872940063 10813952 0.14485309293495793 0.0 0.14485309293495793 2.62746000289917 0.0 0.0 2.62746000289917 
160.3084609587641 189.0337232360735 1.5005104541778564 0.0 -0.6320176124572754 8388608 0.4441421074177388 0.0 0.4441421074177388 1.5005104541778564 0.0 0.0 1.5005104541778564 
367.94381949434273 329.3030433489696 1.6432687044143677 0.0 -0.6334772109985352 10289152 0.37032482934425154 0.0 0.37032482934425154 1.6432687044143677 0.0 0.0 1.6432687044143677 
513.42867327751 419.1939703352908 2.2160353660583496 0.0 -0.6589457392692566 15204608 0.2036322808885141 0.0 0.2036322808885141 2.2160353660583496 0.0 0.0 2.2160353660583496 
601.028347473219 392.336436408651 1.5165053606033325 0.0 -0.664080798625946 8388608 0.4348225918166998 0.0 0.4348225918166998 1.5165053606033325 0.0 0.0 1.5165053606033325 
161.1854117115104 205.68722146983762 1.4297744035720825 0.0 -0.6665540933609009 8388608 0.4891758003617389 0.0 0.4891758003617389 1.4297744035720825 0.0 0.0 1.4297744035720825 
64.74725459484344 421.88949243565827 2.0690557956695557 0.0 -0.6700148582458496 10223872 0.23359072540295156 0.0 0.23359072540295156 2.0690557956695557 0.0 0.0 2.0690557956695557 
152.02996018104264 445.00200229404624 1.5517569780349731 0.0 -0.6725765466690063 8388608 0.4152910636626705 0.0 0.4152910636626705 1.5517569780349731 0.0 0.0 1.5517569780349731 
259.5133769848378 32.616685893145494 1.5098742246627808 0.0 -0.6941421627998352 8388608 0.43865032703261575 0.0 0.43865032703261575 1.5098742246627808 0.0 0.0 1.5098742246627808 
30.20111018621502 232.31429977333448 1.6186984777450562 0.0 -0.7216660976409912 9175040 0.3816524752599334 0.0 0.3816524752599334 1.6186984777450562 0.0 0.0 1.6186984777450562 
539.4565574869197 55.58840920062776 1.8581321239471436 0.0 -0.727725088596344 19202048 0.28963218244611305 0.0 0.28963218244611305 1.8581321239471436 0.0 0.0 1.8581321239471436 
266.2152182412807 366.9205809179256 1.4780522584915161 0.0 -0.7417124509811401 8388608 0.4577416399507442 0.0 0.4577416399507442 1.4780522584915161 0.0 0.0 1.4780522584915161 
287.08873624243637 345.1520348774626 1.9777270555496216 0.0 -0.753757119178772 23658496 0.2556626525162197 0.0 0.2556626525162197 1.9777270555496214 0.0 0.0 1.9777270555496214 
47.97939471488557 407.17204484649847 1.4174883365631104 0.0 -0.7541419863700867 8388608 0.49769240331156883 0.0 0.49769240331156883 1.4174883365631104 0.0 0.0 1.4174883365631104 
484.9528451016609 392.4589206005665 1.8524771928787231 0.0 -0.7659449577331543 18939904 0.29140316231015323 0.0 0.29140316231015323 1.8524771928787231 0.0 0.0 1.8524771928787231 
337.84889184160437 16.576924050107916 2.087797164916992 0.0 -0.7667346596717834 10879232 0.2294158360656201 0.0 0.2294158360656201 2.087797164916992 0.0 0.0 2.087797164916992 
57.77471548405634 434.5510248286307 1.5081336498260498 0.0 -0.7960097789764404 8388608 0.43966342598552804 0.0 0.43966342598552804 1.5081336498260498 0.0 0.0 1.5081336498260498 
267.24123267787854 393.4329013015631 1.6035796403884888 0.0 -0.8041897416114807 8519680 0.3888829769714943 0.0 0.3888829769714943 1.6035796403884888 0.0 0.0 1.6035796403884888 
160.86704714754796 321.94373158191115 1.9707694053649902 0.0 -0.8095428943634033 23461888 0.2574710338266307 0.0 0.2574710338266307 1.9707694053649902 0.0 0.0 1.9707694053649902 
412.95861183646224 456.0663136484853 1.5691301822662354 0.0 -0.8100689649581909 8388608 0.40614587592886825 0.0 0.40614587592886825 1.5691301822662354 0.0 0.0 1.5691301822662354 
62.84583803947936 406.3578293019153 1.9600603580474854 0.0 -0.8454103469848633 23068672 0.26029217331333093 0.0 0.26029217331333093 1.9600603580474854 0.0 0.0 1.9600603580474854 
167.67738191227568 422.92730220724934 1.6215344667434692 0.0 -0.8597596883773804 9306112 0.38031865751824495 0.0 0.38031865751824495 1.6215344667434692 0.0 0.0 1.6215344667434692 
557.4497858564905 386.6131235285008 1.8738621473312378 0.0 -0.8734138607978821 19791872 0.28478999188652493 0.0 0.28478999188652493 1.8738621473312378 0.0 0.0 1.8738621473312378 
476.7832158318955 402.8216761192611 1.6366150379180908 0.0 -0.8762787580490112 9961472 0.3733420650301233 0.0 0.3733420650301233 1.6366150379180908 0.0 0.0 1.6366150379180908 
346.283786830119 453.4304916809337 2.2944209575653076 0.0 -0.8805550932884216 17694976 0.18995634218232307 0.0 0.18995634218232307 2.2944209575653076 0.0 0.0 2.2944209575653076 
128.85306234351705 200.85829280233153 1.6200804710388184 0.0 -0.889632523059845 9240576 0.38100162339596466 0.0 0.38100162339596466 1.6200804710388184 0.0 0.0 1.6200804710388184 
213.59841930612606 35.8073464264261 1.81222665309906 0.0 -0.8934450745582581 17367040 0.30449135940280797 0.0 0.30449135940280797 1.81222665309906 0.0 0.0 1.81222665309906 
555.6624824832088 44.612069458935856 1.6893366575241089 0.0 -0.8978523015975952 12255232 0.3504028161187063 0.0 0.3504028161187063 1.6893366575241089 0.0 0.0 1.6893366575241089 
135.30999548891756 393.34774155819673 1.8735253810882568 0.0 -0.9020776152610779 19791872 0.2848923831071365 0.0 0.2848923831071365 1.8735253810882568 0.0 0.0 1.8735253810882568 
459.0898452338881 400.3478271817601 1.797303318977356 0.0 -0.9029368758201599 16777216 0.3095688454130263 0.0 0.3095688454130263 1.797303318977356 0.0 0.0 1.797303318977356 
566.5604634511994 307.8938099214567 1.540527105331421 0.0 -0.9136650562286377 8388608 0.42136776813972604 0.0 0.42136776813972604 1.540527105331421 0.0 0.0 1.540527105331421 
320.1867436290214 424.9539996207382 1.4841722249984741 0.0 -0.9142395853996277 8388608 0.45397443859268943 0.0 0.45397443859268943 1.4841722249984741 0.0 0.0 1.4841722249984741 
499.94871444551626 414.9067839847846 1.536755919456482 0.0 -0.9234191179275513 8388608 0.4234383714415874 0.0 0.4234383714415874 1.536755919456482 0.0 0.0 1.536755919456482 
370.2906995028745 14.980908645936342 1.410746693611145 0.0 -0.9243366122245789 8388608 0.5024604903502456 0.0 0.5024604903502456 1.410746693611145 0.0 0.0 1.410746693611145 
592.5196967581485 263.6349813938141 1.8826899528503418 0.0 -0.9296730756759644 20119552 0.28212553138421087 0.0 0.28212553138421087 1.8826899528503416 0.0 0.0 1.8826899528503416 
293.3855657809481 450.78789386731705 1.5498924255371094 0.0 -0.9330623149871826 8388608 0.41629087209581056 0.0 0.41629087209581056 1.5498924255371094 0.0 0.0 1.5498924255371094 
412.3488579252933 398.5713110173002 2.0766568183898926 0.0 -0.9332225322723389 10486016 0.23188386755119622 0.0 0.23188386755119622 2.0766568183898926 0.0 0.0 2.0766568183898926 
476.8692908758187 412.32769191121633 1.5077475309371948 0.0 -0.9335914254188538 8388608 0.43988864153022444 0.0 0.43988864153022444 1.5077475309371948 0.0 0.0 1.5077475309371948 
450.2922748301109 376.3792281831583 1.4056472778320312 0.0 -0.9426313042640686 8388608 0.5061127616923358 0.0 0.5061127616923358 1.4056472778320312 0.0 0.0 1.4056472778320312 
378.78982918125934 386.1496197374577 1.4656645059585571 0.0 -0.9675249457359314 8388608 0.4655119763688541 0.0 0.4655119763688541 1.4656645059585571 0.0 0.0 1.4656645059585571 
278.3950772077761 461.5227684650104 1.6445866823196411 0.0 -0.9800668954849243 10354688 0.3697315077838242 0.0 0.3697315077838242 1.6445866823196411 0.0 0.0 1.6445866823196411 
561.6409561938132 307.4166034598089 1.494642734527588 0.0 -0.9893832206726074 8388608 0.44763620921465175 0.0 0.44763620921465175 1.494642734527588 0.0 0.0 1.494642734527588 
158.22753914897726 171.31259643992036 1.539782166481018 0.0 -0.9931985139846802 8388608 0.42177557796842585 0.0 0.42177557796842585 1.539782166481018 0.0 0.0 1.539782166481018 
63.40274894517623 209.46293962811075 1.3804850578308105 0.0 -1.0197596549987793 8388608 0.5247308276102888 0.0 0.5247308276102888 1.3804850578308105 0.0 0.0 1.3804850578308105 
514.2225569940755 334.89651257401647 1.5376026630401611 0.0 -1.0235133171081543 8388608 0.4229721326539483 0.0 0.4229721326539483 1.5376026630401611 0.0 0.0 1.5376026630401611 
62.735586231209034 218.41439038687076 1.6672414541244507 0.0 -1.0356615781784058 11337728 0.35975182021118235 0.0 0.35975182021118235 1.6672414541244507 0.0 0.0 1.6672414541244507 
201.86838385676765 376.29939431173773 1.4714057445526123 0.0 -1.0614999532699585 8388608 0.4618863262290652 0.0 0.4618863262290652 1.4714057445526123 0.0 0.0 1.4714057445526123 
60.78747801544067 200.62752583888755 1.7893146276474 0.0 -1.0786176919937134 16449536 0.3123392588255217 0.0 0.3123392588255217 1.7893146276474 0.0 0.0 1.7893146276474 
370.32113595225866 340.4824350671585 1.5281360149383545 0.0 -1.1025233268737793 8388608 0.4282289041488086 0.0 0.4282289041488086 1.5281360149383545 0.0 0.0 1.5281360149383545 
162.3718054712673 230.17687391814363 1.423068642616272 0.0 -1.1249233484268188 8388608 0.49379683488230397 0.0 0.49379683488230397 1.423068642616272 0.0 0.0 1.423068642616272 
310.39040056103926 435.45110084858595 1.5802713632583618 0.0 -1.1368879079818726 8388608 0.4004392688180566 0.0 0.4004392688180566 1.5802713632583618 0.0 0.0 1.5802713632583618 
301.3355532214852 448.8319022591245 1.5465786457061768 0.0 -1.162623643875122 8388608 0.4180767162102837 0.0 0.4180767162102837 1.5465786457061768 0.0 0.0 1.5465786457061768 
370.67064330342265 451.68629285050076 1.6903257369995117 0.0 -1.175532341003418 12320768 0.3499928657429643 0.0 0.3499928657429643 1.6903257369995117 0.0 0.0 1.6903257369995117 
312.33489696194505 391.58870277576335 1.5851616859436035 0.0 -1.2006919384002686 8388608 0.39797231979452447 0.0 0.39797231979452447 1.5851616859436035 0.0 0.0 1.5851616859436035 
327.5153605636989 458.20076694735025 2.561903238296509 0.0 -1.2255042791366577 8978944 0.1523612597051039 0.0 0.1523612597051039 2.561903238296509 0.0 0.0 2.561903238296509 
281.0620858437233 451.51130129400013 1.5479185581207275 0.0 -1.247145414352417 8388608 0.41735323663883567 0.0 0.41735323663883567 1.5479185581207275 0.0 0.0 1.5479185581207275 
161.0345743190195 197.58267235416056 1.4222677946090698 0.0 -1.2488337755203247 8388608 0.4943530839221343 0.0 0.4943530839221343 1.4222677946090698 0.0 0.0 1.4222677946090698 
163.81656261558302 412.0612043091319 1.6778151988983154 0.0 -1.275185465812683 11796480 0.3552317305217412 0.0 0.3552317305217412 1.6778151988983154 0.0 0.0 1.6778151988983154 
212.78300699520153 426.6761731861091 1.4859604835510254 0.0 -1.358946681022644 8388608 0.4528824375705092 0.0 0.4528824375705092 1.4859604835510254 0.0 0.0 1.4859604835510254 
